103	36
104	36
105	36
106	36
107	36
108	36
109	36
110	36
111	36
137	36
138	36
142	36
143	36
100	37
101	37
102	37
112	37
113	37
114	37
115	37
116	37
117	37
135	37
136	37
139	37
140	37
141	37
144	37
145	37
146	37
147	37
148	37
149	37
95	38
96	38
98	38
99	38
118	38
119	38
120	38
121	38
122	38
123	38
132	38
133	38
134	38
150	38
151	38
152	38
94	39
95	39
97	39
124	39
125	39
130	39
131	39
153	39
154	39
92	40
93	40
104	40
105	40
106	40
107	40
108	40
109	40
110	40
111	40
112	40
113	40
114	40
125	40
126	40
127	40
128	40
129	40
138	40
139	40
140	40
141	40
142	40
143	40
144	40
145	40
146	40
155	40
156	40
91	41
92	41
99	41
100	41
101	41
102	41
103	41
115	41
116	41
117	41
118	41
119	41
120	41
134	41
135	41
136	41
137	41
147	41
148	41
149	41
156	41
157	41
88	42
89	42
90	42
96	42
97	42
98	42
121	42
122	42
123	42
131	42
132	42
133	42
150	42
151	42
152	42
158	42
159	42
87	43
88	43
94	43
95	43
101	43
102	43
103	43
104	43
105	43
106	43
107	43
108	43
109	43
110	43
111	43
112	43
113	43
114	43
115	43
116	43
117	43
124	43
125	43
129	43
130	43
131	43
136	43
137	43
138	43
145	43
146	43
147	43
152	43
153	43
154	43
159	43
160	43
86	44
87	44
92	44
93	44
94	44
98	44
99	44
119	44
120	44
121	44
126	44
127	44
128	44
129	44
134	44
149	44
150	44
154	44
155	44
156	44
160	44
161	44
84	45
85	45
90	45
91	45
92	45
96	45
123	45
124	45
132	45
152	45
156	45
157	45
161	45
162	45
83	46
84	46
89	46
90	46
95	46
125	46
129	46
130	46
131	46
153	46
157	46
158	46
163	46
164	46
82	47
83	47
87	47
88	47
89	47
93	47
155	47
158	47
159	47
160	47
164	47
165	47
80	48
81	48
86	48
87	48
91	48
156	48
160	48
161	48
165	48
166	48
79	49
80	49
85	49
86	49
90	49
157	49
161	49
162	49
166	49
167	49
78	50
79	50
83	50
84	50
85	50
88	50
158	50
162	50
163	50
167	50
168	50
77	51
78	51
82	51
83	51
87	51
159	51
163	51
164	51
168	51
76	52
77	52
81	52
82	52
86	52
160	52
164	52
165	52
169	52
75	53
76	53
80	53
81	53
85	53
161	53
165	53
166	53
169	53
170	53
74	54
75	54
79	54
80	54
84	54
162	54
166	54
167	54
170	54
171	54
73	55
74	55
78	55
79	55
138	55
139	55
140	55
141	55
142	55
143	55
163	55
167	55
171	55
172	55
216	55
219	55
220	55
72	56
73	56
77	56
78	56
135	56
136	56
137	56
164	56
167	56
168	56
172	56
173	56
213	56
214	56
215	56
217	56
218	56
221	56
222	56
71	57
72	57
76	57
77	57
133	57
134	57
135	57
139	57
140	57
141	57
142	57
165	57
168	57
169	57
173	57
174	57
211	57
212	57
223	57
224	57
71	58
75	58
76	58
133	58
136	58
137	58
138	58
166	58
169	58
170	58
174	58
175	58
210	58
211	58
225	58
226	58
70	59
74	59
75	59
117	59
118	59
119	59
120	59
121	59
122	59
123	59
124	59
125	59
132	59
135	59
136	59
167	59
170	59
171	59
175	59
209	59
210	59
215	59
216	59
217	59
218	59
219	59
220	59
226	59
69	60
70	60
73	60
74	60
78	60
126	60
127	60
132	60
134	60
135	60
168	60
171	60
172	60
176	60
208	60
209	60
213	60
214	60
221	60
222	60
223	60
227	60
68	61
69	61
73	61
77	61
118	61
119	61
120	61
121	61
122	61
123	61
124	61
128	61
132	61
133	61
134	61
172	61
173	61
176	61
177	61
208	61
212	61
213	61
223	61
224	61
227	61
67	62
68	62
72	62
73	62
76	62
125	62
126	62
127	62
128	62
173	62
177	62
178	62
207	62
211	62
212	62
224	62
228	62
67	63
71	63
72	63
75	63
170	63
173	63
174	63
178	63
179	63
207	63
210	63
211	63
224	63
225	63
228	63
229	63
66	64
70	64
71	64
74	64
137	64
138	64
139	64
140	64
141	64
171	64
174	64
175	64
179	64
207	64
210	64
225	64
229	64
65	65
66	65
69	65
70	65
73	65
137	65
141	65
172	65
175	65
176	65
180	65
206	65
210	65
225	65
229	65
230	65
231	65
64	66
65	66
69	66
137	66
138	66
139	66
140	66
141	66
173	66
176	66
177	66
180	66
181	66
206	66
210	66
226	66
231	66
232	66
64	67
68	67
69	67
72	67
177	67
181	67
182	67
206	67
210	67
226	67
233	67
234	67
63	68
67	68
68	68
71	68
174	68
177	68
178	68
182	68
183	68
206	68
210	68
225	68
235	68
236	68
62	69
63	69
66	69
67	69
70	69
175	69
178	69
179	69
183	69
207	69
210	69
226	69
228	69
229	69
230	69
237	69
238	69
62	70
66	70
176	70
179	70
180	70
184	70
207	70
210	70
227	70
231	70
232	70
233	70
238	70
61	71
65	71
66	71
69	71
180	71
181	71
184	71
185	71
207	71
210	71
233	71
234	71
235	71
238	71
239	71
60	72
61	72
64	72
65	72
68	72
181	72
182	72
185	72
186	72
207	72
211	72
235	72
236	72
239	72
60	73
64	73
67	73
125	73
126	73
127	73
128	73
142	73
143	73
144	73
145	73
146	73
178	73
182	73
186	73
187	73
207	73
211	73
236	73
240	73
59	74
63	74
64	74
122	74
123	74
124	74
129	74
130	74
131	74
139	74
140	74
141	74
147	74
148	74
179	74
182	74
183	74
187	74
188	74
207	74
211	74
236	74
240	74
241	74
58	75
59	75
62	75
63	75
66	75
121	75
122	75
126	75
127	75
131	75
132	75
138	75
139	75
144	75
149	75
180	75
183	75
184	75
188	75
189	75
208	75
212	75
237	75
241	75
57	76
58	76
61	76
62	76
65	76
120	76
121	76
124	76
125	76
128	76
129	76
133	76
137	76
138	76
141	76
142	76
143	76
145	76
146	76
147	76
150	76
181	76
184	76
185	76
189	76
190	76
208	76
212	76
237	76
240	76
56	77
57	77
61	77
120	77
123	77
124	77
130	77
131	77
133	77
134	77
137	77
140	77
147	77
148	77
150	77
151	77
182	77
185	77
186	77
190	77
191	77
209	77
212	77
237	77
240	77
55	78
56	78
60	78
61	78
64	78
119	78
122	78
131	78
134	78
136	78
139	78
148	78
151	78
183	78
186	78
187	78
192	78
193	78
209	78
213	78
237	78
240	78
54	79
55	79
59	79
60	79
63	79
118	79
119	79
121	79
122	79
132	79
134	79
136	79
138	79
139	79
149	79
151	79
184	79
187	79
188	79
189	79
193	79
194	79
209	79
213	79
237	79
241	79
53	80
54	80
58	80
59	80
62	80
118	80
121	80
132	80
133	80
136	80
138	80
143	80
148	80
149	80
151	80
185	80
189	80
190	80
194	80
195	80
209	80
213	80
236	80
237	80
240	80
52	81
53	81
57	81
58	81
61	81
118	81
120	81
127	81
133	81
138	81
142	81
145	81
146	81
152	81
186	81
190	81
191	81
196	81
197	81
210	81
213	81
236	81
240	81
51	82
52	82
56	82
57	82
60	82
118	82
120	82
123	82
124	82
125	82
128	82
133	82
137	82
141	82
144	82
145	82
147	82
148	82
150	82
152	82
187	82
191	82
192	82
197	82
198	82
209	82
213	82
235	82
236	82
239	82
49	83
50	83
55	83
56	83
59	83
117	83
120	83
123	83
125	83
126	83
133	83
137	83
143	83
144	83
147	83
150	83
152	83
188	83
192	83
193	83
194	83
199	83
200	83
209	83
213	83
216	83
234	83
235	83
239	83
48	84
49	84
54	84
55	84
58	84
117	84
119	84
123	84
126	84
134	84
137	84
143	84
146	84
150	84
153	84
194	84
195	84
201	84
202	84
209	84
213	84
214	84
215	84
217	84
218	84
219	84
220	84
221	84
222	84
223	84
224	84
233	84
234	84
238	84
47	85
48	85
52	85
53	85
54	85
57	85
117	85
119	85
124	85
126	85
127	85
142	85
143	85
146	85
147	85
148	85
149	85
150	85
153	85
191	85
195	85
196	85
197	85
203	85
204	85
209	85
225	85
226	85
227	85
228	85
229	85
230	85
231	85
232	85
233	85
237	85
238	85
44	86
45	86
46	86
51	86
52	86
56	86
116	86
119	86
120	86
121	86
122	86
123	86
124	86
125	86
127	86
128	86
129	86
130	86
131	86
132	86
133	86
134	86
135	86
136	86
137	86
138	86
139	86
140	86
141	86
142	86
146	86
151	86
153	86
192	86
197	86
198	86
199	86
204	86
210	86
236	86
237	86
42	87
43	87
50	87
51	87
55	87
116	87
119	87
151	87
153	87
194	87
199	87
200	87
201	87
205	87
211	87
212	87
213	87
214	87
216	87
217	87
218	87
219	87
220	87
221	87
222	87
234	87
235	87
236	87
39	88
40	88
41	88
48	88
49	88
50	88
54	88
116	88
118	88
151	88
196	88
201	88
202	88
205	88
215	88
223	88
224	88
226	88
227	88
228	88
233	88
234	88
39	89
46	89
47	89
48	89
52	89
53	89
116	89
118	89
151	89
197	89
198	89
202	89
206	89
225	89
229	89
230	89
231	89
232	89
38	90
44	90
45	90
46	90
51	90
118	90
151	90
199	90
202	90
205	90
38	91
42	91
43	91
49	91
118	91
151	91
154	91
202	91
205	91
38	92
41	92
42	92
46	92
47	92
115	92
118	92
152	92
154	92
199	92
202	92
205	92
37	93
41	93
44	93
115	93
118	93
152	93
154	93
201	93
205	93
37	94
41	94
115	94
118	94
152	94
198	94
201	94
205	94
38	95
41	95
115	95
118	95
152	95
197	95
200	95
201	95
204	95
37	96
41	96
44	96
115	96
117	96
152	96
155	96
196	96
200	96
204	96
38	97
42	97
45	97
115	97
117	97
153	97
155	97
195	97
199	97
200	97
203	97
204	97
38	98
42	98
43	98
115	98
117	98
153	98
194	98
198	98
199	98
203	98
39	99
43	99
115	99
117	99
153	99
156	99
192	99
193	99
197	99
198	99
202	99
39	100
43	100
44	100
48	100
115	100
117	100
154	100
156	100
190	100
191	100
195	100
196	100
197	100
201	100
202	100
40	101
44	101
45	101
49	101
50	101
117	101
154	101
157	101
193	101
194	101
195	101
201	101
40	102
41	102
45	102
46	102
47	102
51	102
114	102
117	102
154	102
157	102
189	102
192	102
193	102
201	102
202	102
41	103
42	103
47	103
48	103
54	103
114	103
117	103
155	103
157	103
189	103
193	103
203	103
204	103
42	104
43	104
48	104
49	104
50	104
114	104
116	104
155	104
158	104
190	104
194	104
195	104
196	104
197	104
205	104
206	104
207	104
208	104
44	105
45	105
51	105
52	105
116	105
155	105
156	105
158	105
170	105
171	105
172	105
190	105
198	105
199	105
200	105
208	105
209	105
45	106
46	106
52	106
113	106
116	106
156	106
159	106
170	106
172	106
173	106
190	106
192	106
193	106
194	106
195	106
201	106
202	106
210	106
211	106
47	107
48	107
52	107
113	107
116	107
151	107
152	107
153	107
154	107
155	107
156	107
159	107
170	107
173	107
174	107
190	107
192	107
197	107
198	107
203	107
204	107
205	107
211	107
212	107
48	108
52	108
113	108
116	108
117	108
118	108
119	108
151	108
160	108
171	108
175	108
190	108
192	108
200	108
201	108
205	108
206	108
207	108
213	108
214	108
215	108
49	109
52	109
55	109
96	109
97	109
98	109
112	109
120	109
121	109
151	109
153	109
154	109
155	109
156	109
157	109
158	109
161	109
172	109
173	109
176	109
177	109
190	109
192	109
202	109
207	109
208	109
209	109
215	109
216	109
49	110
52	110
55	110
96	110
98	110
112	110
115	110
116	110
117	110
118	110
152	110
158	110
159	110
162	110
173	110
174	110
178	110
179	110
180	110
181	110
182	110
183	110
184	110
185	110
190	110
192	110
204	110
209	110
210	110
211	110
216	110
217	110
49	111
53	111
55	111
94	111
95	111
98	111
111	111
114	111
115	111
119	111
120	111
159	111
175	111
176	111
185	111
186	111
190	111
192	111
206	111
211	111
212	111
217	111
218	111
49	112
53	112
55	112
93	112
94	112
97	112
113	112
114	112
159	112
160	112
163	112
177	112
178	112
179	112
180	112
181	112
186	112
190	112
192	112
208	112
212	112
213	112
214	112
219	112
220	112
49	113
53	113
55	113
91	113
92	113
96	113
97	113
110	113
113	113
160	113
161	113
164	113
182	113
183	113
186	113
190	113
192	113
210	113
214	113
215	113
220	113
221	113
49	114
53	114
55	114
86	114
87	114
88	114
89	114
90	114
94	114
95	114
109	114
112	114
113	114
161	114
162	114
165	114
183	114
185	114
190	114
192	114
215	114
216	114
217	114
221	114
222	114
49	115
53	115
81	115
82	115
83	115
84	115
85	115
92	115
93	115
94	115
111	115
112	115
162	115
163	115
167	115
182	115
183	115
185	115
190	115
192	115
213	115
217	115
218	115
222	115
223	115
49	116
53	116
81	116
87	116
88	116
89	116
90	116
91	116
111	116
163	116
164	116
168	116
181	116
182	116
185	116
190	116
192	116
214	116
218	116
219	116
223	116
224	116
49	117
53	117
56	117
81	117
84	117
85	117
86	117
110	117
111	117
164	117
165	117
170	117
180	117
181	117
184	117
190	117
192	117
216	117
219	117
220	117
224	117
225	117
50	118
54	118
56	118
81	118
82	118
105	118
109	118
110	118
165	118
166	118
167	118
171	118
172	118
179	118
180	118
183	118
184	118
190	118
192	118
217	118
220	118
221	118
225	118
226	118
50	119
54	119
56	119
82	119
85	119
86	119
104	119
108	119
109	119
167	119
168	119
169	119
173	119
174	119
175	119
176	119
177	119
178	119
182	119
183	119
190	119
192	119
218	119
221	119
222	119
226	119
227	119
51	120
54	120
83	120
86	120
87	120
103	120
107	120
108	120
169	120
170	120
180	120
181	120
190	120
192	120
219	120
222	120
223	120
227	120
228	120
50	121
54	121
84	121
88	121
89	121
101	121
102	121
105	121
106	121
107	121
171	121
172	121
173	121
174	121
177	121
178	121
190	121
192	121
220	121
223	121
224	121
228	121
229	121
51	122
54	122
57	122
85	122
86	122
89	122
90	122
91	122
97	122
98	122
99	122
104	122
105	122
174	122
177	122
190	122
192	122
221	122
224	122
225	122
229	122
230	122
51	123
55	123
57	123
86	123
87	123
92	123
93	123
94	123
102	123
103	123
104	123
175	123
177	123
189	123
192	123
222	123
225	123
226	123
230	123
51	124
55	124
88	124
89	124
90	124
99	124
100	124
101	124
175	124
177	124
189	124
191	124
223	124
226	124
227	124
231	124
51	125
55	125
58	125
90	125
93	125
94	125
95	125
96	125
97	125
98	125
175	125
177	125
189	125
191	125
227	125
228	125
231	125
232	125
52	126
56	126
58	126
90	126
93	126
175	126
177	126
189	126
191	126
228	126
232	126
52	127
56	127
90	127
92	127
175	127
177	127
188	127
191	127
225	127
228	127
229	127
233	127
52	128
56	128
59	128
90	128
92	128
175	128
177	128
188	128
190	128
226	128
229	128
230	128
233	128
234	128
53	129
57	129
59	129
90	129
92	129
175	129
177	129
188	129
190	129
230	129
234	129
53	130
57	130
60	130
90	130
92	130
175	130
177	130
187	130
190	130
230	130
231	130
235	130
54	131
57	131
58	131
73	131
74	131
75	131
79	131
80	131
90	131
92	131
152	131
167	131
168	131
169	131
170	131
174	131
177	131
187	131
189	131
228	131
231	131
232	131
235	131
54	132
58	132
61	132
71	132
81	132
90	132
93	132
101	132
102	132
103	132
150	132
151	132
153	132
154	132
155	132
156	132
162	132
163	132
164	132
165	132
166	132
170	132
171	132
174	132
186	132
189	132
232	132
236	132
55	133
58	133
59	133
70	133
74	133
75	133
76	133
77	133
78	133
79	133
90	133
93	133
100	133
101	133
104	133
105	133
106	133
107	133
108	133
118	133
119	133
120	133
121	133
122	133
123	133
150	133
157	133
158	133
159	133
160	133
161	133
171	133
172	133
173	133
174	133
185	133
186	133
188	133
189	133
229	133
232	133
233	133
236	133
55	134
59	134
62	134
73	134
74	134
79	134
82	134
90	134
93	134
99	134
100	134
109	134
110	134
111	134
112	134
113	134
114	134
115	134
116	134
117	134
123	134
124	134
150	134
172	134
174	134
176	134
185	134
188	134
230	134
233	134
237	134
56	135
59	135
60	135
63	135
69	135
72	135
73	135
79	135
80	135
83	135
90	135
93	135
98	135
99	135
124	135
150	135
172	135
174	135
176	135
184	135
187	135
233	135
234	135
237	135
56	136
60	136
61	136
64	136
69	136
71	136
72	136
80	136
81	136
84	136
93	136
98	136
123	136
124	136
150	136
151	136
171	136
176	136
183	136
186	136
187	136
231	136
234	136
238	136
57	137
61	137
69	137
71	137
81	137
82	137
85	137
86	137
93	137
98	137
99	137
122	137
123	137
151	137
152	137
153	137
170	137
171	137
173	137
182	137
185	137
186	137
234	137
235	137
238	137
57	138
58	138
61	138
62	138
71	138
76	138
77	138
78	138
82	138
83	138
86	138
87	138
91	138
93	138
99	138
100	138
120	138
121	138
122	138
153	138
154	138
155	138
156	138
168	138
169	138
170	138
173	138
175	138
181	138
184	138
185	138
232	138
235	138
239	138
58	139
62	139
63	139
67	139
71	139
76	139
78	139
83	139
84	139
89	139
90	139
91	139
93	139
100	139
101	139
102	139
118	139
119	139
120	139
157	139
158	139
159	139
160	139
161	139
162	139
163	139
164	139
165	139
166	139
167	139
173	139
175	139
179	139
180	139
183	139
184	139
233	139
235	139
236	139
239	139
59	140
63	140
64	140
68	140
71	140
76	140
78	140
79	140
84	140
85	140
86	140
94	140
103	140
104	140
105	140
106	140
107	140
108	140
109	140
110	140
111	140
112	140
113	140
114	140
115	140
116	140
117	140
172	140
175	140
177	140
178	140
182	140
183	140
233	140
236	140
240	140
59	141
60	141
64	141
65	141
71	141
74	141
75	141
76	141
79	141
80	141
87	141
88	141
89	141
90	141
93	141
172	141
175	141
176	141
180	141
181	141
182	141
234	141
236	141
240	141
60	142
61	142
65	142
66	142
67	142
71	142
80	142
91	142
92	142
172	142
178	142
179	142
180	142
234	142
237	142
241	142
61	143
62	143
67	143
68	143
71	143
74	143
75	143
76	143
77	143
78	143
81	143
172	143
175	143
176	143
177	143
178	143
234	143
237	143
241	143
62	144
63	144
68	144
69	144
71	144
78	144
79	144
81	144
173	144
175	144
235	144
237	144
241	144
64	145
65	145
69	145
71	145
79	145
81	145
167	145
168	145
169	145
170	145
173	145
175	145
235	145
238	145
242	145
65	146
66	146
69	146
72	146
78	146
79	146
81	146
100	146
101	146
102	146
103	146
104	146
105	146
106	146
107	146
164	146
165	146
166	146
171	146
173	146
175	146
196	146
197	146
238	146
242	146
66	147
70	147
72	147
73	147
78	147
81	147
98	147
99	147
100	147
108	147
109	147
131	147
132	147
133	147
145	147
146	147
147	147
163	147
164	147
173	147
195	147
198	147
199	147
236	147
238	147
242	147
66	148
67	148
70	148
73	148
78	148
79	148
80	148
97	148
98	148
109	148
110	148
131	148
133	148
134	148
144	148
145	148
147	148
162	148
163	148
173	148
196	148
199	148
200	148
236	148
239	148
242	148
67	149
71	149
74	149
96	149
97	149
110	149
111	149
131	149
134	149
135	149
136	149
143	149
144	149
147	149
161	149
162	149
173	149
176	149
197	149
200	149
201	149
239	149
243	149
68	150
71	150
72	150
74	150
75	150
95	150
96	150
111	150
131	150
132	150
136	150
137	150
138	150
139	150
140	150
141	150
142	150
146	150
147	150
161	150
173	150
176	150
198	150
201	150
202	150
237	150
239	150
243	150
68	151
72	151
75	151
76	151
95	151
111	151
133	151
134	151
144	151
145	151
161	151
173	151
176	151
199	151
202	151
237	151
240	151
243	151
69	152
73	152
76	152
77	152
78	152
95	152
112	152
135	152
136	152
137	152
138	152
139	152
140	152
141	152
142	152
143	152
160	152
173	152
176	152
200	152
203	152
240	152
243	152
69	153
70	153
74	153
78	153
79	153
80	153
95	153
112	153
160	153
173	153
201	153
204	153
240	153
244	153
70	154
71	154
75	154
76	154
81	154
82	154
83	154
84	154
85	154
95	154
112	154
160	154
173	154
201	154
202	154
204	154
238	154
240	154
244	154
71	155
72	155
76	155
77	155
78	155
79	155
85	155
95	155
112	155
160	155
173	155
175	155
202	155
205	155
208	155
209	155
210	155
238	155
241	155
244	155
72	156
73	156
80	156
81	156
82	156
83	156
86	156
95	156
112	156
160	156
173	156
175	156
203	156
205	156
206	156
213	156
241	156
245	156
73	157
74	157
75	157
83	157
84	157
86	157
87	157
95	157
112	157
161	157
172	157
175	157
199	157
200	157
201	157
202	157
203	157
205	157
208	157
209	157
210	157
211	157
214	157
241	157
245	157
76	158
77	158
84	158
87	158
88	158
95	158
96	158
111	158
161	158
171	158
172	158
174	158
207	158
208	158
211	158
212	158
239	158
241	158
245	158
78	159
79	159
80	159
85	159
88	159
96	159
110	159
111	159
161	159
162	159
171	159
174	159
200	159
201	159
202	159
203	159
206	159
207	159
212	159
213	159
239	159
241	159
246	159
81	160
82	160
85	160
86	160
89	160
96	160
97	160
110	160
162	160
163	160
170	160
171	160
174	160
196	160
199	160
200	160
203	160
204	160
205	160
206	160
213	160
215	160
239	160
242	160
246	160
82	161
86	161
87	161
90	161
97	161
98	161
108	161
109	161
110	161
163	161
164	161
169	161
170	161
173	161
196	161
199	161
204	161
206	161
213	161
215	161
242	161
245	161
83	162
87	162
88	162
91	162
92	162
98	162
99	162
100	162
107	162
108	162
164	162
165	162
166	162
167	162
169	162
196	162
198	162
212	162
213	162
215	162
242	162
246	162
83	163
84	163
88	163
89	163
92	163
93	163
101	163
102	163
103	163
104	163
105	163
106	163
107	163
167	163
168	163
169	163
172	163
173	163
191	163
192	163
193	163
194	163
198	163
211	163
212	163
242	163
246	163
84	164
85	164
89	164
90	164
93	164
94	164
166	164
167	164
177	164
178	164
179	164
180	164
181	164
182	164
183	164
184	164
185	164
186	164
187	164
199	164
210	164
211	164
240	164
242	164
246	164
85	165
86	165
91	165
95	165
96	165
165	165
166	165
169	165
170	165
171	165
172	165
193	165
194	165
195	165
196	165
197	165
200	165
209	165
210	165
240	165
242	165
246	165
86	166
87	166
88	166
92	166
93	166
96	166
97	166
98	166
163	166
164	166
168	166
173	166
174	166
175	166
176	166
177	166
178	166
179	166
180	166
181	166
182	166
183	166
184	166
185	166
186	166
187	166
188	166
189	166
190	166
191	166
192	166
197	166
198	166
202	166
203	166
208	166
209	166
240	166
242	166
246	166
88	167
89	167
93	167
94	167
98	167
99	167
100	167
161	167
162	167
163	167
166	167
167	167
198	167
199	167
200	167
205	167
206	167
207	167
208	167
240	167
243	167
247	167
89	168
90	168
95	168
96	168
100	168
101	168
160	168
161	168
165	168
166	168
201	168
202	168
203	168
206	168
207	168
240	168
243	168
247	168
90	169
91	169
97	169
98	169
102	169
103	169
104	169
157	169
158	169
159	169
163	169
164	169
204	169
205	169
243	169
247	169
92	170
93	170
98	170
99	170
100	170
105	170
106	170
107	170
154	170
155	170
156	170
161	170
162	170
205	170
206	170
209	170
243	170
247	170
94	171
95	171
101	171
102	171
103	171
108	171
109	171
110	171
150	171
151	171
152	171
153	171
158	171
159	171
160	171
206	171
209	171
241	171
243	171
247	171
95	172
96	172
97	172
104	172
105	172
111	172
112	172
113	172
114	172
115	172
145	172
146	172
147	172
148	172
149	172
155	172
156	172
157	172
207	172
209	172
241	172
243	172
247	172
98	173
99	173
106	173
110	173
116	173
117	173
118	173
119	173
120	173
121	173
135	173
136	173
137	173
138	173
139	173
140	173
141	173
142	173
143	173
144	173
151	173
152	173
153	173
154	173
207	173
209	173
241	173
244	173
247	173
100	174
105	174
106	174
111	174
122	174
123	174
124	174
125	174
126	174
127	174
128	174
129	174
130	174
131	174
132	174
133	174
134	174
146	174
147	174
148	174
149	174
150	174
207	174
209	174
241	174
244	174
247	174
101	175
104	175
105	175
118	175
119	175
138	175
139	175
140	175
141	175
142	175
143	175
144	175
145	175
207	175
209	175
244	175
247	175
100	176
104	176
107	176
108	176
109	176
110	176
111	176
116	176
123	176
124	176
125	176
126	176
127	176
128	176
129	176
130	176
131	176
133	176
134	176
135	176
136	176
137	176
207	176
209	176
244	176
247	176
100	177
104	177
106	177
112	177
113	177
114	177
118	177
119	177
120	177
123	177
131	177
133	177
207	177
209	177
242	177
244	177
248	177
98	178
99	178
103	178
106	178
115	178
116	178
117	178
123	178
131	178
133	178
207	178
209	178
242	178
244	178
248	178
97	179
98	179
103	179
105	179
117	179
118	179
119	179
120	179
123	179
131	179
133	179
207	179
209	179
242	179
244	179
249	179
95	180
96	180
102	180
103	180
105	180
120	180
121	180
123	180
131	180
133	180
207	180
209	180
242	180
245	180
248	180
95	181
100	181
101	181
102	181
105	181
106	181
121	181
123	181
131	181
133	181
207	181
209	181
242	181
245	181
248	181
94	182
98	182
99	182
107	182
108	182
109	182
110	182
121	182
123	182
131	182
134	182
181	182
182	182
183	182
184	182
185	182
186	182
187	182
188	182
198	182
199	182
200	182
201	182
207	182
209	182
242	182
245	182
248	182
93	183
94	183
97	183
98	183
101	183
102	183
103	183
104	183
105	183
111	183
112	183
121	183
134	183
181	183
189	183
196	183
197	183
198	183
201	183
202	183
203	183
207	183
209	183
245	183
248	183
93	184
97	184
100	184
101	184
106	184
107	184
108	184
113	184
114	184
121	184
134	184
182	184
183	184
184	184
185	184
186	184
193	184
194	184
195	184
196	184
203	184
204	184
207	184
209	184
245	184
249	184
92	185
96	185
99	185
100	185
109	185
110	185
111	185
115	185
116	185
121	185
124	185
132	185
134	185
189	185
190	185
191	185
192	185
204	185
207	185
209	185
245	185
249	185
92	186
95	186
96	186
98	186
99	186
111	186
112	186
113	186
116	186
117	186
121	186
124	186
132	186
134	186
152	186
153	186
154	186
155	186
156	186
179	186
180	186
181	186
182	186
183	186
184	186
185	186
186	186
187	186
188	186
203	186
204	186
207	186
209	186
243	186
245	186
249	186
91	187
95	187
98	187
113	187
114	187
118	187
122	187
124	187
132	187
135	187
149	187
150	187
151	187
179	187
202	187
203	187
207	187
209	187
243	187
245	187
249	187
91	188
94	188
97	188
115	188
116	188
119	188
122	188
124	188
135	188
149	188
152	188
153	188
179	188
180	188
201	188
202	188
207	188
209	188
243	188
245	188
250	188
90	189
94	189
96	189
97	189
116	189
117	189
120	189
122	189
124	189
133	189
135	189
149	189
155	189
156	189
157	189
158	189
180	189
181	189
199	189
200	189
201	189
207	189
209	189
243	189
246	189
249	189
90	190
94	190
96	190
117	190
118	190
121	190
122	190
133	190
135	190
152	190
153	190
154	190
155	190
158	190
181	190
182	190
183	190
197	190
198	190
199	190
207	190
209	190
243	190
246	190
249	190
90	191
93	191
96	191
118	191
119	191
133	191
136	191
139	191
140	191
141	191
142	191
143	191
144	191
145	191
146	191
147	191
148	191
149	191
150	191
151	191
158	191
184	191
185	191
186	191
187	191
188	191
189	191
190	191
191	191
192	191
193	191
194	191
195	191
196	191
207	191
209	191
243	191
246	191
250	191
89	192
93	192
95	192
119	192
120	192
125	192
133	192
136	192
138	192
139	192
157	192
158	192
207	192
209	192
227	192
246	192
250	192
89	193
93	193
95	193
120	193
121	193
125	193
134	193
136	193
137	193
138	193
156	193
157	193
199	193
200	193
201	193
202	193
207	193
209	193
227	193
246	193
250	193
89	194
92	194
94	194
121	194
122	194
125	194
134	194
155	194
156	194
196	194
197	194
198	194
203	194
204	194
207	194
209	194
227	194
246	194
250	194
88	195
92	195
94	195
122	195
135	195
154	195
155	195
195	195
196	195
207	195
209	195
226	195
228	195
246	195
249	195
88	196
92	196
94	196
122	196
123	196
126	196
135	196
139	196
152	196
153	196
154	196
194	196
195	196
207	196
209	196
226	196
228	196
246	196
249	196
87	197
91	197
94	197
123	197
124	197
127	197
135	197
140	197
141	197
148	197
149	197
150	197
151	197
174	197
175	197
176	197
193	197
194	197
207	197
209	197
226	197
228	197
244	197
246	197
250	197
87	198
91	198
93	198
124	198
125	198
128	198
138	198
142	198
143	198
144	198
145	198
146	198
147	198
174	198
176	198
193	198
207	198
209	198
226	198
228	198
244	198
246	198
250	198
87	199
91	199
93	199
125	199
126	199
138	199
163	199
164	199
165	199
173	199
176	199
193	199
207	199
209	199
226	199
228	199
244	199
246	199
251	199
87	200
91	200
93	200
126	200
127	200
136	200
138	200
163	200
166	200
172	200
173	200
175	200
176	200
193	200
207	200
209	200
226	200
228	200
244	200
246	200
251	200
86	201
91	201
93	201
127	201
128	201
132	201
136	201
138	201
139	201
140	201
141	201
142	201
143	201
144	201
145	201
146	201
163	201
164	201
167	201
168	201
169	201
170	201
171	201
175	201
193	201
207	201
209	201
226	201
228	201
244	201
246	201
251	201
86	202
90	202
93	202
128	202
129	202
133	202
136	202
138	202
146	202
147	202
164	202
165	202
172	202
173	202
174	202
193	202
207	202
209	202
226	202
228	202
244	202
246	202
251	202
86	203
90	203
92	203
129	203
130	203
134	203
136	203
138	203
147	203
148	203
166	203
167	203
168	203
169	203
170	203
171	203
193	203
207	203
209	203
226	203
228	203
244	203
246	203
250	203
86	204
90	204
92	204
130	204
131	204
136	204
138	204
148	204
149	204
193	204
207	204
209	204
226	204
228	204
244	204
246	204
250	204
86	205
90	205
92	205
131	205
132	205
136	205
138	205
149	205
194	205
207	205
209	205
226	205
228	205
244	205
246	205
250	205
86	206
90	206
92	206
132	206
133	206
138	206
150	206
194	206
195	206
207	206
209	206
226	206
228	206
244	206
247	206
250	206
86	207
90	207
92	207
133	207
134	207
135	207
139	207
150	207
195	207
196	207
207	207
209	207
226	207
228	207
244	207
247	207
250	207
86	208
90	208
92	208
135	208
136	208
139	208
150	208
196	208
197	208
198	208
207	208
209	208
226	208
228	208
244	208
247	208
250	208
86	209
89	209
92	209
136	209
137	209
140	209
150	209
199	209
200	209
201	209
202	209
203	209
206	209
207	209
209	209
226	209
228	209
244	209
247	209
250	209
86	210
89	210
92	210
137	210
138	210
141	210
142	210
150	210
204	210
205	210
206	210
209	210
226	210
228	210
244	210
247	210
250	210
86	211
89	211
91	211
138	211
139	211
142	211
143	211
150	211
203	211
204	211
209	211
226	211
228	211
244	211
247	211
250	211
86	212
89	212
91	212
139	212
140	212
143	212
144	212
149	212
201	212
202	212
203	212
206	212
207	212
209	212
226	212
228	212
244	212
247	212
250	212
86	213
89	213
91	213
140	213
141	213
144	213
149	213
199	213
200	213
201	213
207	213
209	213
226	213
228	213
244	213
247	213
250	213
86	214
89	214
91	214
141	214
144	214
145	214
148	214
149	214
197	214
198	214
199	214
204	214
207	214
209	214
226	214
228	214
244	214
246	214
250	214
86	215
89	215
91	215
141	215
145	215
146	215
195	215
196	215
197	215
203	215
207	215
209	215
226	215
228	215
244	215
246	215
251	215
86	216
89	216
91	216
141	216
147	216
148	216
193	216
194	216
199	216
200	216
201	216
207	216
209	216
225	216
228	216
244	216
246	216
251	216
85	217
89	217
91	217
140	217
143	217
144	217
145	217
149	217
150	217
190	217
191	217
192	217
196	217
197	217
198	217
201	217
202	217
204	217
207	217
209	217
213	217
215	217
225	217
228	217
244	217
246	217
251	217
85	218
89	218
91	218
140	218
142	218
143	218
145	218
146	218
147	218
151	218
152	218
153	218
187	218
188	218
189	218
193	218
194	218
195	218
201	218
204	218
207	218
209	218
213	218
215	218
225	218
227	218
244	218
246	218
250	218
86	219
89	219
91	219
139	219
140	219
142	219
147	219
148	219
149	219
154	219
155	219
156	219
181	219
182	219
183	219
184	219
185	219
186	219
191	219
192	219
200	219
201	219
205	219
207	219
209	219
213	219
215	219
225	219
227	219
244	219
246	219
250	219
85	220
89	220
91	220
107	220
108	220
109	220
139	220
142	220
150	220
151	220
152	220
157	220
158	220
159	220
160	220
173	220
174	220
175	220
176	220
177	220
178	220
179	220
180	220
187	220
188	220
189	220
190	220
198	220
199	220
209	220
213	220
215	220
225	220
227	220
244	220
246	220
250	220
85	221
89	221
91	221
107	221
109	221
110	221
138	221
139	221
141	221
153	221
154	221
155	221
161	221
162	221
163	221
164	221
165	221
166	221
167	221
168	221
169	221
170	221
171	221
172	221
182	221
183	221
184	221
185	221
186	221
196	221
197	221
201	221
202	221
203	221
204	221
209	221
213	221
215	221
225	221
227	221
246	221
250	221
85	222
89	222
91	222
107	222
111	222
138	222
141	222
156	222
157	222
158	222
174	222
175	222
179	222
180	222
181	222
195	222
196	222
199	222
200	222
204	222
205	222
208	222
212	222
215	222
224	222
227	222
246	222
249	222
84	223
89	223
91	223
108	223
109	223
112	223
113	223
137	223
138	223
140	223
159	223
160	223
161	223
162	223
182	223
183	223
184	223
185	223
186	223
187	223
188	223
189	223
190	223
193	223
194	223
198	223
199	223
205	223
208	223
212	223
215	223
224	223
226	223
246	223
249	223
85	224
89	224
91	224
109	224
110	224
113	224
114	224
137	224
140	224
163	224
164	224
165	224
166	224
167	224
175	224
176	224
179	224
180	224
190	224
191	224
192	224
193	224
196	224
197	224
205	224
206	224
208	224
212	224
215	224
224	224
226	224
243	224
246	224
250	224
85	225
88	225
91	225
110	225
111	225
114	225
115	225
136	225
137	225
139	225
168	225
169	225
170	225
171	225
172	225
182	225
183	225
184	225
185	225
186	225
187	225
188	225
191	225
195	225
196	225
206	225
211	225
215	225
223	225
226	225
238	225
239	225
240	225
243	225
246	225
250	225
85	226
88	226
91	226
110	226
111	226
115	226
116	226
136	226
139	226
173	226
174	226
175	226
176	226
177	226
178	226
179	226
180	226
181	226
189	226
193	226
194	226
206	226
211	226
215	226
223	226
225	226
226	226
238	226
240	226
243	226
245	226
249	226
85	227
88	227
91	227
108	227
109	227
110	227
113	227
117	227
135	227
136	227
138	227
187	227
188	227
189	227
206	227
210	227
215	227
222	227
223	227
225	227
238	227
240	227
243	227
245	227
249	227
85	228
88	228
91	228
108	228
111	228
112	228
114	228
115	228
118	228
119	228
135	228
138	228
186	228
187	228
192	228
193	228
194	228
195	228
196	228
206	228
210	228
215	228
222	228
224	228
225	228
238	228
240	228
245	228
249	228
85	229
88	229
91	229
108	229
109	229
110	229
115	229
116	229
119	229
120	229
134	229
137	229
186	229
197	229
198	229
206	229
210	229
215	229
221	229
222	229
224	229
237	229
239	229
245	229
249	229
85	230
88	230
90	230
116	230
117	230
120	230
121	230
133	230
134	230
136	230
137	230
185	230
186	230
187	230
188	230
189	230
190	230
191	230
192	230
193	230
194	230
195	230
199	230
206	230
209	230
211	230
214	230
221	230
224	230
237	230
239	230
242	230
245	230
249	230
85	231
88	231
90	231
117	231
118	231
121	231
122	231
133	231
136	231
196	231
197	231
199	231
206	231
209	231
211	231
214	231
220	231
223	231
237	231
239	231
242	231
244	231
248	231
85	232
88	232
90	232
119	232
122	232
123	232
132	232
135	232
197	232
199	232
206	232
211	232
214	232
219	232
222	232
223	232
236	232
239	232
244	232
248	232
85	233
88	233
90	233
120	233
124	233
125	233
131	233
132	233
134	233
135	233
197	233
200	233
206	233
214	233
218	233
221	233
222	233
235	233
236	233
239	233
241	233
244	233
247	233
85	234
88	234
90	234
121	234
122	234
125	234
126	234
130	234
131	234
134	234
198	234
200	234
206	234
213	234
216	234
217	234
220	234
221	234
235	234
238	234
241	234
243	234
247	234
85	235
88	235
90	235
122	235
123	235
126	235
127	235
129	235
130	235
134	235
198	235
200	235
205	235
208	235
209	235
213	235
215	235
216	235
219	235
220	235
234	235
235	235
238	235
240	235
243	235
247	235
85	236
88	236
90	236
123	236
124	236
127	236
128	236
129	236
134	236
135	236
136	236
198	236
201	236
205	236
207	236
209	236
213	236
218	236
219	236
233	236
234	236
237	236
242	236
246	236
85	237
88	237
90	237
125	237
131	237
132	237
136	237
137	237
138	237
198	237
201	237
205	237
206	237
207	237
209	237
215	237
216	237
217	237
237	237
242	237
246	237
85	238
88	238
90	238
126	238
127	238
128	238
129	238
130	238
133	238
134	238
138	238
139	238
140	238
198	238
201	238
209	238
212	238
213	238
214	238
233	238
234	238
235	238
237	238
241	238
242	238
245	238
85	239
88	239
90	239
135	239
136	239
140	239
141	239
142	239
198	239
201	239
209	239
211	239
233	239
235	239
241	239
245	239
84	240
88	240
90	240
137	240
138	240
139	240
143	240
144	240
145	240
198	240
201	240
209	240
211	240
228	240
232	240
240	240
241	240
244	240
245	240
84	241
88	241
90	241
140	241
141	241
142	241
146	241
147	241
148	241
149	241
198	241
200	241
209	241
211	241
226	241
231	241
234	241
239	241
240	241
244	241
84	242
88	242
90	242
137	242
138	242
139	242
143	242
144	242
145	242
150	242
151	242
152	242
153	242
197	242
200	242
209	242
211	242
229	242
230	242
233	242
238	242
239	242
243	242
84	243
88	243
90	243
136	243
137	243
140	243
141	243
146	243
147	243
148	243
154	243
155	243
156	243
157	243
158	243
196	243
197	243
199	243
200	243
208	243
211	243
222	243
223	243
228	243
229	243
232	243
237	243
238	243
242	243
243	243
84	244
88	244
90	244
136	244
139	244
143	244
144	244
149	244
150	244
151	244
152	244
159	244
160	244
161	244
162	244
163	244
164	244
165	244
166	244
167	244
193	244
194	244
195	244
199	244
208	244
219	244
220	244
221	244
225	244
226	244
227	244
232	244
234	244
235	244
236	244
241	244
242	244
84	245
88	245
90	245
129	245
130	245
131	245
132	245
133	245
134	245
135	245
136	245
138	245
140	245
141	245
145	245
146	245
147	245
153	245
154	245
155	245
156	245
157	245
168	245
169	245
170	245
171	245
172	245
173	245
174	245
175	245
176	245
177	245
178	245
179	245
180	245
181	245
182	245
183	245
184	245
185	245
186	245
187	245
188	245
189	245
190	245
191	245
192	245
197	245
198	245
208	245
214	245
215	245
216	245
217	245
223	245
224	245
233	245
240	245
241	245
84	246
88	246
90	246
128	246
129	246
138	246
142	246
143	246
148	246
149	246
150	246
151	246
152	246
194	246
195	246
196	246
197	246
208	246
210	246
211	246
212	246
221	246
222	246
223	246
238	246
239	246
83	247
87	247
90	247
128	247
131	247
132	247
133	247
134	247
139	247
144	247
145	247
146	247
157	247
158	247
159	247
160	247
161	247
180	247
181	247
182	247
183	247
184	247
185	247
186	247
187	247
188	247
189	247
190	247
191	247
192	247
193	247
207	247
217	247
218	247
219	247
220	247
227	247
228	247
229	247
235	247
236	247
237	247
84	248
87	248
90	248
127	248
130	248
135	248
136	248
137	248
139	248
147	248
148	248
149	248
150	248
151	248
152	248
153	248
154	248
168	248
169	248
170	248
171	248
172	248
173	248
174	248
175	248
176	248
179	248
206	248
211	248
212	248
213	248
214	248
215	248
216	248
225	248
226	248
230	248
231	248
233	248
234	248
84	249
87	249
90	249
126	249
127	249
129	249
130	249
138	249
155	249
156	249
157	249
158	249
159	249
160	249
161	249
162	249
163	249
164	249
165	249
166	249
167	249
176	249
178	249
205	249
206	249
208	249
209	249
210	249
223	249
224	249
232	249
84	250
87	250
90	250
126	250
129	250
176	250
179	250
205	250
208	250
219	250
221	250
222	250
84	251
87	251
90	251
126	251
128	251
177	251
179	251
204	251
207	251
214	251
217	251
218	251
220	251
83	252
87	252
89	252
126	252
128	252
177	252
179	252
203	252
206	252
212	252
213	252
215	252
216	252
83	253
87	253
89	253
125	253
128	253
177	253
179	253
202	253
203	253
205	253
206	253
209	253
210	253
211	253
83	254
87	254
89	254
125	254
127	254
177	254
179	254
201	254
202	254
205	254
209	254
83	255
87	255
89	255
125	255
128	255
177	255
179	255
199	255
200	255
201	255
205	255
209	255
84	256
87	256
89	256
126	256
128	256
129	256
177	256
180	256
198	256
199	256
202	256
203	256
205	256
209	256
84	257
87	257
89	257
126	257
129	257
130	257
178	257
180	257
196	257
197	257
201	257
203	257
205	257
209	257
84	258
87	258
89	258
126	258
127	258
131	258
132	258
178	258
180	258
195	258
196	258
199	258
200	258
203	258
205	258
206	258
209	258
210	258
83	259
87	259
89	259
128	259
129	259
132	259
133	259
134	259
178	259
180	259
193	259
194	259
198	259
199	259
203	259
206	259
210	259
211	259
83	260
87	260
89	260
129	260
130	260
131	260
135	260
136	260
137	260
178	260
180	260
191	260
192	260
196	260
197	260
204	260
207	260
211	260
212	260
83	261
87	261
89	261
131	261
132	261
133	261
138	261
139	261
140	261
141	261
178	261
180	261
189	261
190	261
194	261
195	261
204	261
205	261
208	261
212	261
213	261
83	262
87	262
89	262
134	262
135	262
136	262
142	262
143	262
144	262
145	262
178	262
180	262
186	262
187	262
188	262
192	262
193	262
205	262
206	262
209	262
213	262
214	262
83	263
87	263
89	263
137	263
138	263
139	263
140	263
146	263
147	263
148	263
149	263
150	263
178	263
180	263
182	263
183	263
184	263
185	263
189	263
190	263
191	263
206	263
207	263
210	263
214	263
215	263
83	264
87	264
89	264
141	264
142	264
143	264
144	264
151	264
152	264
153	264
154	264
155	264
156	264
157	264
174	264
175	264
176	264
177	264
178	264
180	264
181	264
186	264
187	264
188	264
207	264
208	264
211	264
216	264
217	264
83	265
87	265
89	265
145	265
146	265
147	265
148	265
149	265
158	265
159	265
160	265
161	265
162	265
163	265
164	265
165	265
166	265
167	265
168	265
169	265
170	265
171	265
172	265
173	265
183	265
184	265
185	265
208	265
209	265
212	265
213	265
217	265
218	265
82	266
87	266
89	266
150	266
151	266
152	266
153	266
154	266
155	266
156	266
174	266
175	266
176	266
177	266
178	266
179	266
180	266
181	266
182	266
209	266
210	266
213	266
214	266
218	266
219	266
82	267
87	267
89	267
157	267
158	267
159	267
160	267
161	267
162	267
163	267
164	267
165	267
166	267
167	267
168	267
169	267
170	267
171	267
172	267
173	267
210	267
211	267
214	267
215	267
219	267
82	268
87	268
89	268
212	268
215	268
216	268
220	268
83	269
87	269
88	269
89	269
213	269
214	269
215	269
220	269
83	270
215	270
216	270
220	270
84	271
219	271
84	272
85	272
96	272
97	272
98	272
99	272
100	272
101	272
102	272
103	272
104	272
105	272
106	272
107	272
108	272
109	272
110	272
111	272
114	272
115	272
116	272
117	272
118	272
119	272
127	272
130	272
131	272
139	272
140	272
143	272
160	272
168	272
169	272
172	272
173	272
174	272
184	272
185	272
186	272
187	272
190	272
191	272
196	272
203	272
204	272
207	272
210	272
211	272
217	272
218	272
86	273
87	273
88	273
89	273
90	273
91	273
92	273
93	273
94	273
95	273
112	273
113	273
120	273
121	273
122	273
123	273
124	273
125	273
126	273
128	273
129	273
132	273
133	273
134	273
135	273
136	273
137	273
138	273
141	273
142	273
144	273
145	273
146	273
147	273
148	273
149	273
150	273
151	273
152	273
153	273
154	273
155	273
156	273
157	273
158	273
159	273
161	273
162	273
163	273
164	273
165	273
166	273
167	273
170	273
171	273
175	273
176	273
177	273
178	273
179	273
180	273
181	273
182	273
183	273
188	273
189	273
192	273
193	273
194	273
195	273
197	273
198	273
199	273
200	273
201	273
202	273
205	273
206	273
208	273
209	273
212	273
213	273
214	273
215	273
216	273
