439	42
440	42
441	42
442	42
443	42
444	42
445	42
446	42
447	42
448	42
449	42
450	42
451	42
452	42
453	42
454	42
455	42
456	42
457	42
458	42
459	42
460	42
461	42
462	42
463	42
464	42
465	42
466	42
467	42
468	42
469	42
470	42
471	42
472	42
473	42
474	42
475	42
476	42
477	42
478	42
479	42
480	42
481	42
482	42
483	42
484	42
485	42
486	42
487	42
488	42
489	42
490	42
491	42
492	42
493	42
494	42
495	42
496	42
497	42
498	42
499	42
500	42
501	42
502	42
503	42
504	42
505	42
428	43
429	43
430	43
431	43
432	43
433	43
434	43
435	43
436	43
437	43
438	43
506	43
507	43
508	43
509	43
510	43
511	43
512	43
513	43
514	43
515	43
516	43
517	43
518	43
415	44
416	44
417	44
418	44
419	44
420	44
421	44
422	44
423	44
424	44
425	44
426	44
427	44
519	44
520	44
521	44
522	44
523	44
524	44
525	44
526	44
527	44
528	44
407	45
408	45
409	45
410	45
411	45
412	45
413	45
414	45
529	45
530	45
531	45
532	45
533	45
534	45
535	45
536	45
537	45
400	46
401	46
402	46
403	46
404	46
405	46
406	46
538	46
539	46
540	46
541	46
542	46
543	46
392	47
393	47
394	47
395	47
396	47
397	47
398	47
399	47
544	47
545	47
546	47
547	47
548	47
549	47
387	48
388	48
389	48
390	48
391	48
550	48
551	48
552	48
553	48
554	48
555	48
381	49
382	49
383	49
384	49
385	49
386	49
556	49
557	49
558	49
559	49
560	49
376	50
377	50
378	50
379	50
380	50
561	50
562	50
563	50
564	50
565	50
566	50
371	51
372	51
373	51
374	51
375	51
567	51
568	51
569	51
570	51
366	52
367	52
368	52
369	52
370	52
571	52
572	52
573	52
574	52
575	52
362	53
363	53
364	53
365	53
576	53
577	53
578	53
579	53
358	54
359	54
360	54
361	54
580	54
581	54
582	54
354	55
355	55
356	55
357	55
583	55
584	55
585	55
586	55
351	56
352	56
353	56
587	56
588	56
589	56
590	56
347	57
348	57
349	57
350	57
447	57
448	57
449	57
450	57
451	57
452	57
453	57
454	57
455	57
456	57
457	57
458	57
459	57
460	57
461	57
462	57
463	57
464	57
465	57
466	57
467	57
468	57
469	57
470	57
471	57
472	57
473	57
474	57
475	57
476	57
477	57
478	57
479	57
480	57
481	57
482	57
483	57
484	57
485	57
486	57
487	57
488	57
489	57
490	57
491	57
492	57
493	57
494	57
495	57
496	57
497	57
498	57
499	57
591	57
592	57
593	57
343	58
344	58
345	58
346	58
430	58
431	58
432	58
433	58
434	58
435	58
436	58
437	58
438	58
439	58
440	58
441	58
442	58
443	58
444	58
445	58
446	58
500	58
501	58
502	58
503	58
504	58
505	58
506	58
507	58
508	58
509	58
510	58
511	58
512	58
513	58
514	58
594	58
595	58
596	58
597	58
340	59
341	59
342	59
419	59
420	59
421	59
422	59
423	59
424	59
425	59
426	59
427	59
428	59
429	59
515	59
516	59
517	59
518	59
519	59
520	59
521	59
522	59
523	59
524	59
525	59
598	59
599	59
600	59
337	60
338	60
339	60
410	60
411	60
412	60
413	60
414	60
415	60
416	60
417	60
418	60
526	60
527	60
528	60
529	60
530	60
531	60
532	60
533	60
534	60
601	60
602	60
603	60
334	61
335	61
336	61
402	61
403	61
404	61
405	61
406	61
407	61
408	61
409	61
535	61
536	61
537	61
538	61
539	61
540	61
604	61
605	61
606	61
331	62
332	62
333	62
395	62
396	62
397	62
398	62
399	62
400	62
401	62
541	62
542	62
543	62
544	62
545	62
546	62
547	62
607	62
608	62
609	62
328	63
329	63
330	63
390	63
391	63
392	63
393	63
394	63
548	63
549	63
550	63
551	63
552	63
553	63
610	63
611	63
612	63
325	64
326	64
327	64
384	64
385	64
386	64
387	64
388	64
389	64
554	64
555	64
556	64
557	64
558	64
613	64
614	64
615	64
322	65
323	65
324	65
379	65
380	65
381	65
382	65
383	65
559	65
560	65
561	65
562	65
563	65
616	65
617	65
618	65
320	66
321	66
374	66
375	66
376	66
377	66
378	66
564	66
565	66
566	66
567	66
619	66
620	66
317	67
318	67
319	67
369	67
370	67
371	67
372	67
373	67
568	67
569	67
570	67
571	67
572	67
621	67
622	67
623	67
315	68
316	68
365	68
366	68
367	68
368	68
573	68
574	68
575	68
576	68
624	68
625	68
312	69
313	69
314	69
361	69
362	69
363	69
364	69
577	69
578	69
579	69
580	69
626	69
627	69
628	69
309	70
310	70
311	70
357	70
358	70
359	70
360	70
581	70
582	70
583	70
629	70
630	70
631	70
308	71
309	71
354	71
355	71
356	71
584	71
585	71
586	71
587	71
631	71
632	71
633	71
305	72
306	72
307	72
350	72
351	72
352	72
353	72
588	72
589	72
590	72
633	72
634	72
635	72
303	73
304	73
305	73
347	73
348	73
349	73
591	73
592	73
593	73
594	73
636	73
637	73
301	74
302	74
303	74
343	74
344	74
345	74
346	74
595	74
596	74
597	74
638	74
639	74
640	74
299	75
300	75
301	75
340	75
341	75
342	75
598	75
599	75
600	75
640	75
641	75
642	75
296	76
297	76
298	76
337	76
338	76
339	76
601	76
602	76
603	76
642	76
643	76
644	76
294	77
295	77
296	77
334	77
335	77
336	77
604	77
605	77
606	77
644	77
645	77
646	77
293	78
294	78
332	78
333	78
607	78
608	78
609	78
646	78
647	78
648	78
649	78
291	79
292	79
293	79
329	79
330	79
331	79
610	79
611	79
612	79
649	79
650	79
651	79
289	80
290	80
291	80
326	80
327	80
328	80
613	80
614	80
651	80
652	80
653	80
287	81
288	81
289	81
323	81
324	81
325	81
615	81
616	81
617	81
653	81
654	81
655	81
285	82
286	82
287	82
321	82
322	82
618	82
619	82
655	82
656	82
657	82
739	82
740	82
741	82
742	82
743	82
744	82
745	82
746	82
747	82
749	82
750	82
751	82
752	82
283	83
284	83
285	83
319	83
320	83
620	83
621	83
622	83
657	83
658	83
721	83
722	83
723	83
724	83
725	83
726	83
727	83
728	83
729	83
730	83
731	83
732	83
733	83
734	83
735	83
736	83
737	83
738	83
748	83
753	83
754	83
755	83
756	83
757	83
758	83
759	83
760	83
761	83
762	83
763	83
764	83
765	83
766	83
767	83
768	83
769	83
281	84
282	84
283	84
316	84
317	84
318	84
623	84
624	84
625	84
658	84
659	84
660	84
712	84
713	84
714	84
715	84
716	84
717	84
718	84
719	84
720	84
770	84
771	84
772	84
773	84
774	84
775	84
776	84
777	84
778	84
280	85
281	85
313	85
314	85
315	85
316	85
625	85
626	85
627	85
660	85
661	85
662	85
704	85
705	85
706	85
707	85
708	85
709	85
710	85
711	85
779	85
780	85
781	85
782	85
783	85
784	85
785	85
278	86
279	86
280	86
312	86
313	86
627	86
628	86
629	86
662	86
663	86
664	86
698	86
699	86
700	86
701	86
702	86
703	86
786	86
787	86
788	86
789	86
790	86
276	87
277	87
278	87
310	87
311	87
629	87
630	87
631	87
664	87
665	87
666	87
693	87
694	87
695	87
696	87
697	87
791	87
792	87
793	87
794	87
795	87
275	88
276	88
307	88
308	88
309	88
632	88
633	88
634	88
666	88
667	88
668	88
687	88
688	88
689	88
690	88
691	88
692	88
796	88
797	88
798	88
799	88
800	88
273	89
274	89
275	89
305	89
306	89
634	89
635	89
636	89
668	89
669	89
683	89
684	89
685	89
686	89
801	89
802	89
803	89
804	89
272	90
273	90
303	90
304	90
305	90
636	90
637	90
638	90
669	90
670	90
671	90
679	90
680	90
681	90
682	90
805	90
806	90
807	90
270	91
271	91
272	91
301	91
302	91
303	91
638	91
639	91
640	91
671	91
672	91
673	91
676	91
677	91
678	91
808	91
809	91
810	91
811	91
268	92
269	92
270	92
299	92
300	92
301	92
640	92
641	92
642	92
643	92
673	92
674	92
675	92
812	92
813	92
814	92
225	93
226	93
227	93
228	93
229	93
230	93
231	93
232	93
233	93
234	93
235	93
236	93
237	93
238	93
239	93
240	93
241	93
242	93
243	93
244	93
245	93
246	93
247	93
248	93
249	93
250	93
251	93
252	93
253	93
254	93
267	93
268	93
297	93
298	93
299	93
643	93
644	93
815	93
816	93
817	93
213	94
214	94
215	94
216	94
217	94
218	94
219	94
220	94
221	94
222	94
223	94
224	94
255	94
256	94
257	94
258	94
259	94
260	94
261	94
262	94
263	94
264	94
265	94
266	94
267	94
295	94
296	94
297	94
644	94
645	94
646	94
818	94
819	94
820	94
203	95
204	95
205	95
206	95
207	95
208	95
209	95
210	95
211	95
212	95
293	95
294	95
295	95
646	95
647	95
648	95
821	95
822	95
823	95
196	96
197	96
198	96
199	96
200	96
201	96
202	96
291	96
292	96
293	96
648	96
649	96
650	96
824	96
825	96
190	97
191	97
192	97
193	97
194	97
195	97
290	97
291	97
650	97
651	97
652	97
826	97
827	97
828	97
185	98
186	98
187	98
188	98
189	98
288	98
289	98
290	98
652	98
653	98
654	98
726	98
727	98
728	98
729	98
730	98
731	98
732	98
733	98
734	98
735	98
736	98
737	98
738	98
739	98
740	98
741	98
742	98
743	98
744	98
745	98
746	98
747	98
748	98
749	98
750	98
751	98
752	98
753	98
754	98
755	98
756	98
757	98
758	98
759	98
760	98
761	98
762	98
763	98
764	98
765	98
829	98
830	98
831	98
179	99
180	99
181	99
182	99
183	99
184	99
286	99
287	99
288	99
654	99
655	99
656	99
714	99
715	99
716	99
717	99
718	99
719	99
720	99
721	99
722	99
723	99
724	99
725	99
766	99
767	99
768	99
769	99
770	99
771	99
772	99
773	99
774	99
831	99
832	99
833	99
175	100
176	100
177	100
178	100
284	100
285	100
286	100
656	100
657	100
658	100
707	100
708	100
709	100
710	100
711	100
712	100
713	100
775	100
776	100
777	100
778	100
779	100
780	100
781	100
782	100
833	100
834	100
171	101
172	101
173	101
174	101
283	101
284	101
658	101
659	101
660	101
701	101
702	101
703	101
704	101
705	101
706	101
783	101
784	101
785	101
786	101
787	101
834	101
835	101
167	102
168	102
169	102
170	102
281	102
282	102
283	102
660	102
661	102
695	102
696	102
697	102
698	102
699	102
700	102
788	102
789	102
790	102
791	102
792	102
835	102
836	102
164	103
165	103
166	103
280	103
281	103
661	103
662	103
663	103
691	103
692	103
693	103
694	103
793	103
794	103
795	103
796	103
797	103
836	103
837	103
160	104
161	104
162	104
163	104
278	104
279	104
280	104
663	104
664	104
665	104
687	104
688	104
689	104
690	104
798	104
799	104
800	104
801	104
837	104
838	104
157	105
158	105
159	105
277	105
278	105
665	105
666	105
683	105
684	105
685	105
686	105
802	105
803	105
804	105
838	105
154	106
155	106
156	106
275	106
276	106
277	106
666	106
667	106
668	106
673	106
674	106
675	106
676	106
677	106
678	106
679	106
680	106
681	106
682	106
805	106
806	106
807	106
808	106
838	106
839	106
151	107
152	107
153	107
273	107
274	107
275	107
668	107
669	107
670	107
671	107
672	107
809	107
810	107
811	107
839	107
149	108
150	108
233	108
234	108
235	108
236	108
237	108
238	108
239	108
240	108
241	108
242	108
243	108
244	108
245	108
246	108
247	108
248	108
272	108
273	108
812	108
813	108
814	108
839	108
146	109
147	109
148	109
216	109
217	109
218	109
219	109
220	109
221	109
222	109
223	109
224	109
225	109
226	109
227	109
228	109
229	109
230	109
231	109
232	109
249	109
250	109
251	109
252	109
253	109
254	109
255	109
256	109
257	109
258	109
259	109
260	109
271	109
272	109
815	109
816	109
839	109
143	110
144	110
145	110
207	110
208	110
209	110
210	110
211	110
212	110
213	110
214	110
215	110
261	110
262	110
263	110
264	110
265	110
266	110
267	110
268	110
269	110
270	110
271	110
817	110
818	110
819	110
840	110
142	111
143	111
199	111
200	111
201	111
202	111
203	111
204	111
205	111
206	111
820	111
821	111
822	111
840	111
139	112
140	112
141	112
193	112
194	112
195	112
196	112
197	112
198	112
822	112
823	112
824	112
840	112
137	113
138	113
187	113
188	113
189	113
190	113
191	113
192	113
824	113
825	113
840	113
135	114
136	114
137	114
183	114
184	114
185	114
186	114
715	114
716	114
717	114
718	114
719	114
720	114
721	114
722	114
723	114
724	114
725	114
726	114
727	114
728	114
729	114
730	114
731	114
732	114
733	114
734	114
735	114
736	114
737	114
738	114
739	114
740	114
741	114
742	114
743	114
744	114
745	114
746	114
747	114
748	114
749	114
750	114
825	114
840	114
133	115
134	115
135	115
178	115
179	115
180	115
181	115
182	115
707	115
708	115
709	115
710	115
711	115
712	115
713	115
714	115
751	115
752	115
753	115
754	115
755	115
756	115
757	115
758	115
759	115
760	115
761	115
762	115
825	115
841	115
131	116
132	116
133	116
174	116
175	116
176	116
177	116
700	116
701	116
702	116
703	116
704	116
705	116
706	116
763	116
764	116
765	116
766	116
767	116
768	116
769	116
770	116
771	116
825	116
841	116
129	117
130	117
131	117
171	117
172	117
173	117
695	117
696	117
697	117
698	117
699	117
772	117
773	117
774	117
775	117
776	117
777	117
778	117
825	117
841	117
128	118
129	118
167	118
168	118
169	118
170	118
690	118
691	118
692	118
693	118
694	118
779	118
780	118
781	118
782	118
783	118
784	118
825	118
841	118
126	119
127	119
128	119
164	119
165	119
166	119
691	119
785	119
786	119
787	119
788	119
789	119
825	119
841	119
124	120
125	120
126	120
161	120
162	120
163	120
690	120
691	120
692	120
693	120
694	120
695	120
696	120
697	120
790	120
791	120
792	120
793	120
825	120
841	120
123	121
124	121
158	121
159	121
160	121
698	121
699	121
700	121
701	121
702	121
794	121
795	121
796	121
797	121
825	121
840	121
121	122
122	122
123	122
155	122
156	122
157	122
703	122
704	122
705	122
706	122
798	122
799	122
800	122
825	122
840	122
120	123
121	123
152	123
153	123
154	123
707	123
708	123
709	123
710	123
800	123
801	123
802	123
825	123
840	123
118	124
119	124
120	124
150	124
151	124
152	124
711	124
712	124
713	124
803	124
804	124
805	124
825	124
840	124
117	125
118	125
147	125
148	125
149	125
224	125
225	125
226	125
227	125
714	125
715	125
716	125
717	125
805	125
806	125
807	125
825	125
840	125
116	126
117	126
145	126
146	126
147	126
210	126
211	126
212	126
213	126
214	126
215	126
216	126
217	126
218	126
219	126
220	126
221	126
222	126
223	126
228	126
229	126
230	126
231	126
232	126
233	126
234	126
235	126
236	126
237	126
238	126
239	126
240	126
241	126
242	126
243	126
718	126
719	126
720	126
807	126
808	126
825	126
840	126
115	127
116	127
143	127
144	127
145	127
202	127
203	127
204	127
205	127
206	127
207	127
208	127
209	127
244	127
245	127
246	127
247	127
248	127
721	127
722	127
723	127
808	127
809	127
825	127
840	127
113	128
114	128
115	128
141	128
142	128
143	128
195	128
196	128
197	128
198	128
199	128
200	128
201	128
249	128
250	128
251	128
724	128
725	128
726	128
809	128
810	128
825	128
840	128
112	129
113	129
139	129
140	129
141	129
190	129
191	129
192	129
193	129
194	129
250	129
727	129
728	129
729	129
810	129
825	129
840	129
111	130
112	130
137	130
138	130
139	130
185	130
186	130
187	130
188	130
189	130
248	130
249	130
250	130
730	130
731	130
732	130
733	130
810	130
824	130
840	130
110	131
111	131
136	131
137	131
181	131
182	131
183	131
184	131
246	131
247	131
248	131
734	131
735	131
810	131
824	131
840	131
110	132
134	132
135	132
136	132
176	132
177	132
178	132
179	132
180	132
243	132
244	132
245	132
735	132
736	132
737	132
810	132
824	132
840	132
109	133
110	133
132	133
133	133
134	133
173	133
174	133
175	133
240	133
241	133
242	133
738	133
739	133
740	133
810	133
824	133
839	133
109	134
131	134
132	134
169	134
170	134
171	134
172	134
238	134
239	134
240	134
740	134
741	134
742	134
810	134
824	134
839	134
108	135
129	135
130	135
131	135
166	135
167	135
168	135
235	135
236	135
237	135
742	135
743	135
744	135
810	135
824	135
839	135
108	136
128	136
129	136
163	136
164	136
165	136
232	136
233	136
234	136
707	136
708	136
709	136
710	136
711	136
744	136
745	136
746	136
809	136
823	136
839	136
108	137
127	137
128	137
160	137
161	137
162	137
229	137
230	137
231	137
712	137
713	137
714	137
715	137
716	137
717	137
718	137
719	137
720	137
746	137
747	137
809	137
823	137
839	137
108	138
125	138
126	138
127	138
157	138
158	138
159	138
227	138
228	138
707	138
708	138
709	138
710	138
711	138
721	138
722	138
723	138
724	138
725	138
726	138
727	138
728	138
729	138
730	138
747	138
748	138
809	138
823	138
839	138
107	139
124	139
125	139
154	139
155	139
156	139
224	139
225	139
226	139
227	139
712	139
713	139
714	139
731	139
732	139
733	139
734	139
735	139
736	139
737	139
738	139
739	139
740	139
741	139
742	139
743	139
748	139
809	139
823	139
839	139
107	140
123	140
124	140
152	140
153	140
154	140
222	140
223	140
224	140
715	140
716	140
717	140
744	140
745	140
746	140
747	140
748	140
809	140
823	140
838	140
107	141
123	141
150	141
151	141
152	141
220	141
221	141
718	141
719	141
720	141
808	141
822	141
838	141
107	142
123	142
148	142
149	142
150	142
218	142
219	142
220	142
720	142
721	142
722	142
723	142
808	142
822	142
838	142
107	143
123	143
146	143
147	143
148	143
216	143
217	143
218	143
724	143
725	143
808	143
822	143
838	143
107	144
123	144
144	144
145	144
214	144
215	144
216	144
726	144
727	144
728	144
808	144
822	144
838	144
108	145
123	145
143	145
144	145
212	145
213	145
214	145
728	145
729	145
730	145
808	145
822	145
837	145
108	146
123	146
142	146
143	146
210	146
211	146
212	146
730	146
731	146
732	146
807	146
821	146
837	146
108	147
123	147
141	147
142	147
209	147
210	147
231	147
232	147
233	147
234	147
235	147
733	147
734	147
735	147
807	147
821	147
837	147
108	148
124	148
140	148
141	148
208	148
209	148
228	148
229	148
230	148
235	148
735	148
736	148
737	148
807	148
821	148
837	148
108	149
124	149
139	149
140	149
207	149
208	149
221	149
222	149
223	149
224	149
225	149
226	149
227	149
232	149
233	149
234	149
738	149
739	149
807	149
821	149
836	149
108	150
124	150
139	150
207	150
214	150
215	150
216	150
217	150
218	150
219	150
220	150
229	150
230	150
231	150
740	150
741	150
806	150
820	150
836	150
109	151
124	151
139	151
207	151
208	151
209	151
210	151
211	151
212	151
213	151
227	151
228	151
229	151
741	151
742	151
743	151
806	151
820	151
836	151
109	152
125	152
139	152
225	152
226	152
743	152
744	152
745	152
806	152
820	152
836	152
109	153
125	153
139	153
223	153
224	153
745	153
746	153
747	153
805	153
820	153
836	153
109	154
125	154
139	154
221	154
222	154
223	154
747	154
748	154
749	154
805	154
819	154
835	154
110	155
126	155
140	155
219	155
220	155
221	155
749	155
750	155
751	155
805	155
819	155
835	155
110	156
126	156
140	156
217	156
218	156
219	156
751	156
752	156
805	156
819	156
835	156
110	157
126	157
140	157
215	157
216	157
217	157
752	157
753	157
804	157
819	157
834	157
111	158
127	158
140	158
213	158
214	158
215	158
725	158
753	158
754	158
755	158
804	158
818	158
834	158
111	159
127	159
141	159
211	159
212	159
213	159
726	159
727	159
728	159
729	159
730	159
731	159
732	159
733	159
755	159
756	159
757	159
803	159
804	159
818	159
834	159
111	160
127	160
141	160
209	160
210	160
211	160
726	160
734	160
735	160
736	160
737	160
738	160
739	160
740	160
741	160
757	160
758	160
803	160
818	160
834	160
112	161
128	161
141	161
208	161
209	161
726	161
727	161
728	161
742	161
743	161
744	161
745	161
746	161
747	161
748	161
758	161
803	161
817	161
833	161
112	162
128	162
142	162
206	162
207	162
208	162
728	162
729	162
749	162
750	162
751	162
752	162
753	162
754	162
755	162
757	162
758	162
803	162
817	162
833	162
112	163
128	163
142	163
205	163
206	163
729	163
730	163
756	163
757	163
802	163
817	163
833	163
112	164
129	164
142	164
203	164
204	164
205	164
730	164
731	164
802	164
816	164
832	164
113	165
129	165
142	165
143	165
202	165
203	165
731	165
732	165
801	165
816	165
832	165
113	166
130	166
143	166
201	166
202	166
732	166
733	166
801	166
816	166
832	166
114	167
130	167
143	167
199	167
200	167
201	167
218	167
219	167
220	167
733	167
734	167
801	167
815	167
832	167
114	168
131	168
144	168
198	168
199	168
216	168
217	168
220	168
734	168
735	168
800	168
815	168
831	168
114	169
131	169
144	169
197	169
198	169
213	169
214	169
215	169
220	169
735	169
800	169
815	169
831	169
115	170
131	170
144	170
196	170
197	170
209	170
210	170
211	170
212	170
218	170
219	170
220	170
735	170
736	170
800	170
815	170
831	170
115	171
132	171
145	171
195	171
196	171
206	171
207	171
208	171
218	171
736	171
737	171
799	171
814	171
830	171
116	172
132	172
145	172
146	172
194	172
202	172
203	172
204	172
205	172
217	172
218	172
737	172
738	172
799	172
814	172
830	172
116	173
133	173
146	173
194	173
195	173
197	173
198	173
199	173
200	173
201	173
217	173
738	173
739	173
798	173
799	173
813	173
830	173
116	174
133	174
146	174
196	174
216	174
217	174
739	174
740	174
798	174
813	174
829	174
117	175
134	175
146	175
147	175
215	175
216	175
740	175
741	175
798	175
813	175
829	175
117	176
134	176
147	176
215	176
741	176
742	176
797	176
798	176
812	176
829	176
118	177
134	177
135	177
147	177
148	177
214	177
215	177
742	177
797	177
812	177
828	177
118	178
135	178
148	178
213	178
214	178
742	178
743	178
796	178
812	178
828	178
119	179
135	179
136	179
148	179
149	179
213	179
743	179
744	179
796	179
811	179
828	179
119	180
136	180
149	180
212	180
213	180
744	180
745	180
795	180
796	180
811	180
827	180
119	181
136	181
137	181
149	181
150	181
212	181
745	181
746	181
795	181
811	181
827	181
120	182
137	182
150	182
211	182
212	182
746	182
795	182
810	182
827	182
120	183
121	183
137	183
138	183
150	183
151	183
210	183
211	183
746	183
747	183
794	183
810	183
826	183
121	184
138	184
151	184
210	184
747	184
748	184
794	184
809	184
826	184
121	185
122	185
138	185
152	185
209	185
210	185
748	185
749	185
793	185
794	185
809	185
825	185
122	186
138	186
139	186
152	186
209	186
749	186
793	186
809	186
825	186
122	187
139	187
153	187
208	187
209	187
749	187
750	187
792	187
793	187
808	187
825	187
122	188
123	188
140	188
153	188
154	188
207	188
208	188
750	188
751	188
792	188
808	188
824	188
123	189
140	189
141	189
154	189
207	189
751	189
752	189
791	189
792	189
807	189
824	189
123	190
124	190
141	190
154	190
155	190
206	190
207	190
752	190
791	190
807	190
823	190
124	191
141	191
142	191
155	191
205	191
206	191
752	191
753	191
790	191
791	191
806	191
807	191
823	191
124	192
125	192
142	192
155	192
156	192
204	192
205	192
753	192
754	192
790	192
806	192
823	192
125	193
142	193
143	193
156	193
157	193
204	193
754	193
789	193
790	193
805	193
806	193
822	193
126	194
143	194
157	194
203	194
204	194
754	194
755	194
789	194
805	194
822	194
126	195
143	195
144	195
157	195
158	195
202	195
203	195
755	195
756	195
788	195
789	195
805	195
821	195
126	196
127	196
144	196
158	196
201	196
202	196
756	196
757	196
788	196
804	196
805	196
821	196
127	197
144	197
145	197
158	197
159	197
201	197
757	197
787	197
788	197
804	197
821	197
127	198
128	198
145	198
159	198
160	198
200	198
201	198
757	198
758	198
787	198
803	198
804	198
820	198
128	199
145	199
146	199
160	199
199	199
200	199
758	199
786	199
787	199
803	199
820	199
128	200
129	200
146	200
147	200
160	200
161	200
199	200
758	200
759	200
786	200
802	200
803	200
819	200
129	201
130	201
147	201
161	201
198	201
199	201
759	201
760	201
785	201
786	201
802	201
819	201
130	202
147	202
148	202
161	202
162	202
197	202
198	202
760	202
785	202
801	202
802	202
818	202
130	203
131	203
148	203
162	203
163	203
197	203
760	203
761	203
784	203
785	203
801	203
818	203
131	204
148	204
149	204
163	204
196	204
197	204
761	204
762	204
784	204
800	204
801	204
817	204
818	204
131	205
132	205
149	205
163	205
164	205
196	205
762	205
783	205
800	205
817	205
132	206
149	206
150	206
164	206
195	206
196	206
762	206
763	206
783	206
799	206
800	206
816	206
817	206
132	207
133	207
150	207
164	207
165	207
194	207
195	207
763	207
782	207
783	207
799	207
816	207
133	208
150	208
151	208
165	208
166	208
194	208
763	208
764	208
781	208
782	208
798	208
799	208
815	208
816	208
133	209
134	209
151	209
152	209
166	209
193	209
194	209
764	209
781	209
797	209
798	209
815	209
134	210
135	210
152	210
166	210
167	210
193	210
764	210
765	210
780	210
781	210
797	210
814	210
815	210
135	211
152	211
153	211
167	211
168	211
193	211
765	211
766	211
780	211
796	211
797	211
814	211
135	212
136	212
153	212
154	212
168	212
192	212
193	212
766	212
779	212
780	212
796	212
813	212
814	212
136	213
154	213
168	213
169	213
192	213
766	213
767	213
778	213
779	213
795	213
796	213
813	213
136	214
137	214
154	214
155	214
169	214
170	214
191	214
767	214
778	214
795	214
812	214
813	214
137	215
155	215
156	215
170	215
191	215
767	215
777	215
778	215
794	215
795	215
812	215
137	216
138	216
156	216
170	216
171	216
190	216
191	216
768	216
777	216
793	216
794	216
811	216
812	216
138	217
139	217
156	217
157	217
171	217
172	217
190	217
768	217
769	217
776	217
777	217
793	217
811	217
139	218
157	218
172	218
190	218
769	218
775	218
776	218
792	218
793	218
810	218
811	218
139	219
140	219
157	219
158	219
172	219
173	219
189	219
769	219
770	219
775	219
791	219
792	219
809	219
810	219
140	220
158	220
159	220
173	220
174	220
188	220
189	220
770	220
774	220
775	220
791	220
809	220
140	221
141	221
159	221
174	221
188	221
770	221
771	221
772	221
773	221
774	221
790	221
791	221
808	221
809	221
141	222
142	222
159	222
160	222
174	222
175	222
187	222
188	222
771	222
773	222
789	222
790	222
808	222
142	223
160	223
161	223
175	223
176	223
186	223
187	223
788	223
789	223
807	223
808	223
142	224
143	224
161	224
162	224
176	224
177	224
186	224
591	224
592	224
593	224
594	224
595	224
596	224
597	224
598	224
599	224
600	224
601	224
602	224
603	224
604	224
605	224
788	224
806	224
807	224
143	225
144	225
162	225
177	225
185	225
588	225
589	225
590	225
606	225
607	225
608	225
787	225
788	225
806	225
144	226
162	226
163	226
177	226
178	226
185	226
585	226
586	226
587	226
609	226
610	226
611	226
786	226
787	226
805	226
806	226
144	227
145	227
163	227
164	227
178	227
179	227
185	227
335	227
336	227
337	227
338	227
339	227
340	227
341	227
342	227
343	227
344	227
345	227
346	227
347	227
582	227
583	227
584	227
585	227
612	227
613	227
614	227
785	227
786	227
804	227
805	227
145	228
146	228
164	228
179	228
184	228
331	228
332	228
333	228
334	228
348	228
349	228
350	228
581	228
582	228
614	228
615	228
784	228
785	228
804	228
146	229
164	229
165	229
179	229
180	229
184	229
327	229
328	229
329	229
330	229
351	229
352	229
353	229
579	229
580	229
581	229
615	229
616	229
617	229
783	229
784	229
803	229
804	229
146	230
147	230
165	230
166	230
180	230
181	230
183	230
325	230
326	230
327	230
354	230
355	230
578	230
579	230
617	230
618	230
619	230
782	230
783	230
802	230
803	230
147	231
148	231
166	231
167	231
181	231
183	231
323	231
324	231
325	231
355	231
356	231
357	231
576	231
577	231
578	231
619	231
620	231
781	231
782	231
801	231
802	231
148	232
167	232
181	232
182	232
183	232
322	232
323	232
357	232
358	232
359	232
575	232
576	232
620	232
621	232
781	232
801	232
148	233
149	233
167	233
168	233
320	233
321	233
322	233
359	233
360	233
574	233
575	233
621	233
622	233
780	233
781	233
800	233
801	233
149	234
150	234
168	234
169	234
319	234
320	234
360	234
361	234
362	234
573	234
574	234
622	234
623	234
780	234
799	234
800	234
150	235
151	235
169	235
170	235
318	235
319	235
362	235
363	235
573	235
623	235
624	235
780	235
798	235
799	235
151	236
170	236
171	236
317	236
318	236
363	236
364	236
572	236
573	236
624	236
780	236
798	236
151	237
152	237
171	237
172	237
316	237
317	237
364	237
365	237
571	237
572	237
624	237
625	237
781	237
798	237
152	238
153	238
172	238
173	238
315	238
316	238
365	238
366	238
570	238
571	238
625	238
626	238
781	238
798	238
153	239
154	239
173	239
174	239
314	239
315	239
366	239
367	239
570	239
626	239
627	239
781	239
782	239
798	239
154	240
174	240
175	240
313	240
314	240
367	240
368	240
569	240
570	240
627	240
782	240
798	240
154	241
155	241
175	241
176	241
313	241
368	241
568	241
569	241
627	241
628	241
782	241
799	241
155	242
156	242
176	242
177	242
312	242
313	242
368	242
369	242
568	242
628	242
783	242
799	242
156	243
157	243
177	243
178	243
311	243
312	243
369	243
568	243
628	243
629	243
783	243
799	243
157	244
158	244
178	244
179	244
311	244
369	244
370	244
567	244
629	244
783	244
800	244
158	245
179	245
180	245
310	245
311	245
370	245
567	245
629	245
784	245
800	245
158	246
159	246
180	246
310	246
370	246
371	246
567	246
629	246
630	246
784	246
801	246
159	247
160	247
180	247
309	247
310	247
371	247
566	247
630	247
784	247
801	247
160	248
161	248
179	248
309	248
371	248
566	248
630	248
785	248
801	248
161	249
162	249
179	249
309	249
372	249
565	249
631	249
785	249
802	249
162	250
163	250
179	250
308	250
372	250
565	250
631	250
786	250
802	250
163	251
179	251
308	251
373	251
565	251
631	251
786	251
802	251
163	252
179	252
308	252
373	252
565	252
631	252
786	252
803	252
163	253
178	253
307	253
373	253
564	253
632	253
787	253
803	253
162	254
178	254
307	254
373	254
564	254
632	254
787	254
803	254
162	255
178	255
307	255
374	255
564	255
632	255
787	255
804	255
162	256
178	256
307	256
374	256
542	256
543	256
544	256
545	256
546	256
547	256
548	256
549	256
550	256
551	256
552	256
553	256
554	256
555	256
556	256
557	256
558	256
563	256
632	256
788	256
804	256
162	257
177	257
306	257
374	257
538	257
539	257
540	257
541	257
559	257
560	257
561	257
562	257
563	257
632	257
788	257
804	257
162	258
177	258
289	258
290	258
291	258
292	258
293	258
294	258
306	258
374	258
535	258
536	258
537	258
632	258
633	258
635	258
636	258
637	258
638	258
639	258
640	258
641	258
642	258
643	258
644	258
645	258
646	258
647	258
648	258
649	258
650	258
788	258
805	258
161	259
177	259
282	259
283	259
284	259
285	259
286	259
287	259
288	259
295	259
296	259
297	259
298	259
299	259
300	259
301	259
306	259
374	259
532	259
533	259
534	259
634	259
651	259
652	259
653	259
789	259
805	259
161	260
177	260
279	260
280	260
281	260
302	260
303	260
304	260
305	260
306	260
374	260
530	260
531	260
532	260
654	260
655	260
656	260
789	260
805	260
161	261
177	261
276	261
277	261
278	261
374	261
375	261
382	261
383	261
384	261
385	261
386	261
529	261
530	261
656	261
657	261
658	261
659	261
789	261
806	261
161	262
176	262
273	262
274	262
275	262
375	262
376	262
377	262
378	262
379	262
380	262
381	262
387	262
388	262
389	262
390	262
391	262
392	262
393	262
527	262
528	262
529	262
659	262
660	262
790	262
806	262
161	263
176	263
272	263
273	263
394	263
395	263
396	263
526	263
527	263
660	263
661	263
662	263
790	263
806	263
160	264
176	264
270	264
271	264
272	264
397	264
398	264
399	264
525	264
526	264
662	264
663	264
790	264
806	264
160	265
176	265
269	265
270	265
399	265
400	265
401	265
524	265
525	265
663	265
664	265
791	265
807	265
160	266
176	266
267	266
268	266
269	266
401	266
402	266
403	266
523	266
524	266
664	266
665	266
666	266
791	266
807	266
160	267
175	267
266	267
267	267
403	267
404	267
522	267
523	267
666	267
667	267
791	267
807	267
160	268
175	268
266	268
404	268
405	268
521	268
522	268
667	268
791	268
807	268
160	269
175	269
265	269
266	269
405	269
406	269
407	269
520	269
521	269
667	269
668	269
792	269
808	269
159	270
175	270
264	270
265	270
407	270
408	270
520	270
668	270
669	270
792	270
808	270
159	271
175	271
263	271
264	271
408	271
409	271
519	271
520	271
669	271
670	271
792	271
808	271
159	272
175	272
262	272
263	272
409	272
410	272
518	272
519	272
670	272
671	272
793	272
809	272
159	273
174	273
261	273
262	273
410	273
411	273
517	273
518	273
591	273
592	273
593	273
594	273
595	273
596	273
597	273
671	273
793	273
809	273
159	274
174	274
260	274
261	274
411	274
517	274
588	274
589	274
590	274
672	274
793	274
809	274
159	275
174	275
260	275
411	275
412	275
517	275
587	275
588	275
591	275
592	275
593	275
594	275
595	275
596	275
597	275
598	275
599	275
600	275
601	275
602	275
603	275
672	275
673	275
793	275
809	275
159	276
174	276
259	276
260	276
335	276
412	276
413	276
516	276
586	276
587	276
604	276
605	276
606	276
607	276
673	276
794	276
810	276
158	277
174	277
259	277
331	277
332	277
333	277
335	277
336	277
337	277
338	277
339	277
340	277
341	277
413	277
414	277
516	277
584	277
585	277
586	277
602	277
603	277
607	277
608	277
673	277
674	277
794	277
810	277
158	278
174	278
258	278
259	278
334	278
342	278
343	278
344	278
414	278
516	278
582	278
583	278
584	278
604	278
605	278
609	278
610	278
674	278
794	278
810	278
158	279
174	279
258	279
345	279
346	279
348	279
349	279
350	279
414	279
415	279
515	279
580	279
581	279
582	279
610	279
674	279
675	279
794	279
810	279
158	280
173	280
258	280
347	280
351	280
352	280
415	280
515	280
579	280
580	280
610	280
611	280
675	280
795	280
811	280
158	281
173	281
257	281
352	281
415	281
416	281
515	281
577	281
578	281
579	281
611	281
612	281
613	281
675	281
795	281
811	281
158	282
173	282
257	282
352	282
353	282
354	282
416	282
514	282
576	282
577	282
613	282
614	282
615	282
616	282
675	282
795	282
811	282
158	283
173	283
257	283
354	283
355	283
416	283
514	283
576	283
616	283
617	283
676	283
795	283
811	283
157	284
173	284
256	284
355	284
356	284
417	284
514	284
575	284
576	284
617	284
618	284
676	284
796	284
811	284
157	285
173	285
256	285
356	285
357	285
417	285
514	285
574	285
575	285
618	285
619	285
676	285
796	285
812	285
157	286
173	286
256	286
357	286
358	286
417	286
514	286
574	286
619	286
677	286
796	286
812	286
157	287
173	287
256	287
358	287
359	287
418	287
514	287
573	287
574	287
619	287
620	287
677	287
796	287
812	287
157	288
172	288
255	288
359	288
360	288
361	288
418	288
513	288
572	288
573	288
620	288
621	288
677	288
796	288
812	288
157	289
172	289
255	289
361	289
418	289
513	289
572	289
621	289
677	289
797	289
812	289
157	290
172	290
255	290
361	290
418	290
513	290
571	290
621	290
677	290
797	290
813	290
157	291
172	291
255	291
361	291
362	291
419	291
513	291
571	291
621	291
622	291
677	291
797	291
813	291
157	292
172	292
255	292
362	292
363	292
419	292
513	292
570	292
620	292
622	292
677	292
797	292
813	292
157	293
172	293
255	293
363	293
419	293
513	293
570	293
620	293
622	293
623	293
677	293
797	293
813	293
156	294
172	294
255	294
363	294
419	294
514	294
570	294
623	294
677	294
798	294
813	294
156	295
172	295
255	295
363	295
419	295
514	295
569	295
623	295
677	295
798	295
814	295
156	296
172	296
255	296
363	296
419	296
514	296
569	296
623	296
677	296
798	296
814	296
156	297
172	297
255	297
363	297
419	297
514	297
570	297
623	297
677	297
798	297
814	297
156	298
172	298
256	298
363	298
419	298
514	298
569	298
623	298
677	298
798	298
814	298
156	299
171	299
256	299
364	299
419	299
514	299
569	299
623	299
676	299
799	299
814	299
156	300
171	300
256	300
365	300
419	300
515	300
568	300
623	300
676	300
799	300
814	300
156	301
171	301
256	301
365	301
418	301
515	301
568	301
623	301
676	301
799	301
814	301
156	302
171	302
256	302
365	302
418	302
515	302
568	302
623	302
676	302
799	302
815	302
156	303
171	303
256	303
365	303
418	303
516	303
566	303
623	303
675	303
799	303
815	303
156	304
171	304
257	304
365	304
418	304
516	304
567	304
623	304
675	304
799	304
815	304
156	305
171	305
257	305
365	305
418	305
516	305
517	305
567	305
623	305
674	305
675	305
800	305
815	305
156	306
171	306
258	306
365	306
417	306
517	306
568	306
623	306
673	306
674	306
800	306
815	306
155	307
171	307
258	307
365	307
417	307
517	307
518	307
569	307
623	307
673	307
800	307
815	307
155	308
171	308
259	308
365	308
416	308
417	308
518	308
519	308
569	308
623	308
672	308
673	308
800	308
816	308
155	309
171	309
259	309
260	309
365	309
416	309
519	309
569	309
623	309
672	309
800	309
816	309
155	310
171	310
260	310
365	310
415	310
416	310
519	310
520	310
570	310
623	310
671	310
672	310
800	310
816	310
155	311
171	311
260	311
261	311
365	311
415	311
520	311
521	311
570	311
621	311
623	311
670	311
671	311
800	311
816	311
155	312
171	312
261	312
365	312
414	312
415	312
521	312
570	312
622	312
669	312
670	312
801	312
816	312
155	313
171	313
261	313
262	313
313	313
365	313
413	313
414	313
522	313
571	313
621	313
668	313
669	313
801	313
816	313
155	314
171	314
262	314
263	314
313	314
364	314
412	314
413	314
522	314
523	314
571	314
572	314
621	314
667	314
668	314
801	314
816	314
155	315
171	315
263	315
264	315
313	315
364	315
412	315
523	315
524	315
572	315
620	315
621	315
666	315
667	315
801	315
816	315
155	316
170	316
264	316
265	316
312	316
364	316
411	316
412	316
524	316
525	316
572	316
620	316
664	316
665	316
666	316
801	316
817	316
155	317
170	317
265	317
266	317
312	317
313	317
363	317
410	317
411	317
525	317
526	317
527	317
572	317
573	317
619	317
620	317
663	317
664	317
801	317
817	317
155	318
170	318
266	318
267	318
313	318
363	318
409	318
410	318
527	318
528	318
573	318
574	318
619	318
661	318
662	318
663	318
801	318
817	318
155	319
170	319
267	319
268	319
313	319
314	319
363	319
364	319
407	319
408	319
409	319
528	319
529	319
574	319
575	319
618	319
619	319
659	319
660	319
661	319
801	319
817	319
155	320
170	320
268	320
269	320
314	320
315	320
361	320
362	320
363	320
406	320
407	320
529	320
530	320
531	320
575	320
576	320
617	320
618	320
656	320
657	320
658	320
659	320
802	320
817	320
155	321
170	321
269	321
270	321
271	321
315	321
360	321
361	321
404	321
405	321
406	321
531	321
532	321
533	321
576	321
616	321
617	321
656	321
802	321
817	321
155	322
170	322
271	322
272	322
315	322
359	322
360	322
403	322
404	322
533	322
534	322
535	322
576	322
615	322
616	322
656	322
802	322
817	322
155	323
170	323
272	323
273	323
274	323
316	323
317	323
358	323
359	323
401	323
402	323
403	323
535	323
536	323
537	323
576	323
577	323
578	323
614	323
656	323
802	323
817	323
155	324
170	324
274	324
275	324
276	324
317	324
318	324
358	324
398	324
399	324
400	324
537	324
538	324
578	324
579	324
613	324
614	324
656	324
802	324
817	324
155	325
170	325
276	325
277	325
318	325
319	325
357	325
358	325
397	325
398	325
538	325
579	325
580	325
581	325
612	325
613	325
656	325
802	325
817	325
155	326
170	326
278	326
279	326
280	326
319	326
355	326
356	326
357	326
397	326
537	326
538	326
582	326
583	326
610	326
611	326
612	326
656	326
802	326
818	326
155	327
170	327
319	327
320	327
354	327
355	327
397	327
537	327
583	327
584	327
608	327
609	327
657	327
802	327
818	327
155	328
170	328
280	328
320	328
321	328
353	328
354	328
397	328
536	328
537	328
584	328
585	328
586	328
608	328
657	328
802	328
818	328
155	329
170	329
279	329
280	329
322	329
323	329
324	329
352	329
353	329
398	329
536	329
587	329
588	329
589	329
590	329
591	329
592	329
593	329
594	329
595	329
596	329
597	329
598	329
599	329
600	329
607	329
608	329
657	329
802	329
818	329
155	330
170	330
278	330
279	330
324	330
325	330
326	330
352	330
398	330
535	330
536	330
601	330
602	330
603	330
604	330
605	330
606	330
657	330
802	330
818	330
155	331
170	331
278	331
326	331
327	331
328	331
348	331
349	331
351	331
352	331
398	331
535	331
657	331
803	331
818	331
155	332
170	332
277	332
278	332
329	332
330	332
331	332
345	332
346	332
347	332
350	332
351	332
398	332
535	332
657	332
803	332
818	332
155	333
170	333
277	333
332	333
333	333
334	333
335	333
340	333
341	333
342	333
343	333
344	333
398	333
428	333
429	333
430	333
431	333
432	333
433	333
434	333
502	333
503	333
504	333
505	333
506	333
535	333
658	333
803	333
818	333
155	334
170	334
277	334
336	334
337	334
338	334
339	334
399	334
427	334
428	334
434	334
435	334
500	334
501	334
502	334
506	334
507	334
534	334
658	334
803	334
818	334
155	335
170	335
276	335
399	335
426	335
427	335
435	335
500	335
507	335
508	335
534	335
658	335
803	335
818	335
155	336
170	336
276	336
399	336
425	336
426	336
435	336
500	336
508	336
509	336
534	336
658	336
803	336
818	336
155	337
170	337
275	337
399	337
425	337
436	337
499	337
509	337
510	337
533	337
658	337
803	337
818	337
155	338
170	338
275	338
399	338
424	338
425	338
436	338
499	338
510	338
533	338
658	338
803	338
818	338
155	339
171	339
275	339
399	339
423	339
424	339
435	339
436	339
500	339
510	339
533	339
658	339
803	339
818	339
155	340
171	340
275	340
399	340
423	340
434	340
435	340
500	340
511	340
533	340
658	340
803	340
818	340
155	341
171	341
275	341
399	341
423	341
434	341
461	341
462	341
463	341
464	341
465	341
466	341
467	341
500	341
501	341
511	341
533	341
657	341
803	341
818	341
155	342
171	342
275	342
399	342
423	342
433	342
434	342
459	342
460	342
461	342
467	342
468	342
501	342
511	342
533	342
657	342
803	342
818	342
155	343
171	343
274	343
399	343
422	343
432	343
433	343
458	343
459	343
468	343
469	343
502	343
511	343
533	343
657	343
803	343
818	343
155	344
171	344
274	344
399	344
422	344
432	344
457	344
458	344
469	344
470	344
471	344
502	344
512	344
533	344
657	344
803	344
818	344
155	345
171	345
274	345
399	345
422	345
432	345
456	345
457	345
471	345
472	345
502	345
512	345
533	345
657	345
803	345
818	345
155	346
171	346
274	346
399	346
422	346
432	346
455	346
456	346
472	346
473	346
502	346
512	346
533	346
657	346
803	346
818	346
156	347
171	347
274	347
399	347
422	347
431	347
454	347
455	347
473	347
474	347
502	347
512	347
533	347
656	347
803	347
818	347
156	348
171	348
274	348
398	348
422	348
431	348
453	348
454	348
474	348
475	348
502	348
512	348
533	348
656	348
803	348
818	348
156	349
171	349
275	349
398	349
422	349
431	349
451	349
452	349
453	349
475	349
476	349
477	349
502	349
512	349
534	349
655	349
803	349
818	349
156	350
171	350
275	350
398	350
422	350
432	350
449	350
450	350
451	350
477	350
478	350
501	350
511	350
534	350
655	350
803	350
818	350
156	351
171	351
275	351
397	351
422	351
432	351
433	351
448	351
449	351
478	351
479	351
480	351
501	351
511	351
534	351
654	351
655	351
803	351
818	351
156	352
171	352
275	352
397	352
422	352
433	352
434	352
445	352
446	352
447	352
463	352
464	352
465	352
480	352
481	352
500	352
501	352
511	352
534	352
654	352
803	352
818	352
156	353
171	353
275	353
397	353
423	353
434	353
435	353
436	353
437	353
438	353
440	353
441	353
442	353
443	353
444	353
462	353
463	353
465	353
466	353
467	353
481	353
482	353
483	353
499	353
500	353
511	353
535	353
653	353
654	353
803	353
818	353
156	354
171	354
275	354
396	354
423	354
439	354
460	354
461	354
462	354
467	354
468	354
483	354
484	354
485	354
498	354
499	354
510	354
535	354
594	354
595	354
596	354
653	354
803	354
818	354
156	355
171	355
276	355
396	355
423	355
424	355
459	355
460	355
468	355
469	355
485	355
486	355
487	355
496	355
497	355
498	355
509	355
510	355
535	355
536	355
593	355
594	355
596	355
597	355
652	355
653	355
803	355
818	355
156	356
171	356
276	356
277	356
395	356
396	356
424	356
458	356
459	356
469	356
470	356
488	356
489	356
490	356
491	356
492	356
493	356
494	356
495	356
509	356
536	356
592	356
593	356
597	356
598	356
651	356
652	356
803	356
818	356
156	357
171	357
277	357
335	357
336	357
337	357
394	357
395	357
424	357
425	357
456	357
457	357
458	357
470	357
471	357
508	357
509	357
537	357
592	357
598	357
599	357
650	357
651	357
803	357
818	357
155	358
171	358
277	358
334	358
335	358
337	358
338	358
394	358
425	358
426	358
455	358
456	358
471	358
472	358
473	358
507	358
508	358
537	358
538	358
592	358
599	358
600	358
649	358
650	358
803	358
818	358
155	359
171	359
277	359
278	359
334	359
338	359
393	359
394	359
426	359
427	359
453	359
454	359
455	359
473	359
474	359
507	359
538	359
591	359
600	359
601	359
648	359
649	359
803	359
818	359
155	360
171	360
278	360
279	360
333	360
334	360
392	360
393	360
427	360
428	360
429	360
451	360
452	360
453	360
474	360
475	360
476	360
505	360
506	360
507	360
538	360
539	360
589	360
591	360
601	360
647	360
648	360
803	360
818	360
154	361
170	361
279	361
332	361
333	361
339	361
340	361
341	361
391	361
392	361
429	361
430	361
448	361
449	361
450	361
476	361
477	361
504	361
505	361
539	361
540	361
588	361
589	361
591	361
601	361
604	361
646	361
647	361
803	361
818	361
154	362
170	362
279	362
280	362
331	362
332	362
339	362
341	362
342	362
390	362
391	362
431	362
432	362
433	362
444	362
445	362
446	362
447	362
477	362
478	362
479	362
503	362
504	362
540	362
541	362
587	362
588	362
591	362
601	362
604	362
605	362
645	362
646	362
803	362
818	362
154	363
170	363
280	363
281	363
330	363
331	363
339	363
342	363
343	363
389	363
390	363
434	363
435	363
436	363
437	363
438	363
439	363
440	363
441	363
442	363
443	363
479	363
480	363
481	363
501	363
502	363
503	363
541	363
542	363
586	363
587	363
591	363
601	363
605	363
606	363
607	363
643	363
644	363
645	363
803	363
818	363
154	364
170	364
281	364
282	364
329	364
330	364
339	364
343	364
344	364
388	364
389	364
481	364
482	364
483	364
499	364
500	364
501	364
542	364
543	364
585	364
586	364
591	364
601	364
607	364
608	364
641	364
642	364
643	364
803	364
818	364
153	365
169	365
282	365
328	365
329	365
339	365
344	365
345	365
346	365
387	365
388	365
484	365
485	365
486	365
487	365
488	365
489	365
490	365
491	365
492	365
493	365
494	365
495	365
496	365
497	365
498	365
543	365
544	365
583	365
584	365
585	365
591	365
601	365
609	365
610	365
611	365
639	365
640	365
641	365
803	365
818	365
153	366
169	366
282	366
283	366
327	366
328	366
339	366
346	366
347	366
385	366
386	366
387	366
544	366
545	366
546	366
582	366
583	366
591	366
601	366
612	366
613	366
614	366
637	366
638	366
639	366
803	366
818	366
153	367
169	367
283	367
284	367
285	367
326	367
327	367
340	367
347	367
348	367
349	367
384	367
385	367
546	367
547	367
580	367
581	367
582	367
591	367
601	367
615	367
616	367
617	367
618	367
619	367
632	367
633	367
634	367
635	367
636	367
803	367
818	367
153	368
168	368
285	368
286	368
324	368
325	368
326	368
340	368
349	368
352	368
382	368
383	368
384	368
547	368
548	368
549	368
578	368
579	368
580	368
591	368
601	368
620	368
621	368
622	368
623	368
624	368
625	368
626	368
627	368
628	368
629	368
630	368
631	368
803	368
818	368
152	369
168	369
286	369
287	369
323	369
324	369
340	369
349	369
352	369
353	369
354	369
380	369
381	369
382	369
549	369
550	369
551	369
575	369
576	369
577	369
578	369
591	369
601	369
802	369
818	369
152	370
168	370
287	370
288	370
321	370
322	370
323	370
340	370
350	370
355	370
356	370
357	370
358	370
376	370
377	370
378	370
379	370
552	370
553	370
554	370
572	370
573	370
574	370
575	370
591	370
601	370
802	370
818	370
152	371
168	371
289	371
290	371
319	371
320	371
321	371
340	371
350	371
359	371
360	371
361	371
362	371
363	371
364	371
371	371
372	371
373	371
374	371
375	371
555	371
556	371
557	371
558	371
559	371
560	371
561	371
562	371
563	371
564	371
565	371
566	371
567	371
568	371
569	371
570	371
571	371
591	371
601	371
802	371
818	371
152	372
168	372
291	372
292	372
293	372
317	372
318	372
319	372
340	372
350	372
365	372
366	372
367	372
368	372
369	372
370	372
591	372
601	372
802	372
818	372
152	373
167	373
293	373
294	373
295	373
296	373
297	373
313	373
314	373
315	373
316	373
340	373
350	373
591	373
601	373
802	373
818	373
151	374
167	374
298	374
299	374
300	374
301	374
302	374
303	374
304	374
305	374
306	374
307	374
308	374
309	374
310	374
311	374
312	374
340	374
350	374
591	374
601	374
802	374
818	374
151	375
167	375
340	375
350	375
592	375
601	375
802	375
817	375
151	376
167	376
340	376
350	376
592	376
601	376
802	376
817	376
151	377
166	377
340	377
350	377
592	377
601	377
802	377
817	377
151	378
166	378
341	378
350	378
592	378
601	378
802	378
817	378
150	379
166	379
341	379
350	379
592	379
601	379
802	379
817	379
150	380
166	380
341	380
351	380
592	380
601	380
802	380
817	380
150	381
166	381
341	381
351	381
592	381
601	381
802	381
817	381
150	382
166	382
341	382
351	382
592	382
601	382
801	382
817	382
150	383
165	383
341	383
351	383
592	383
601	383
801	383
817	383
150	384
165	384
341	384
351	384
592	384
601	384
801	384
817	384
150	385
165	385
341	385
351	385
592	385
601	385
801	385
817	385
149	386
165	386
341	386
351	386
592	386
601	386
801	386
817	386
149	387
165	387
341	387
351	387
592	387
601	387
801	387
816	387
149	388
165	388
342	388
351	388
592	388
601	388
801	388
816	388
149	389
165	389
342	389
352	389
592	389
601	389
801	389
816	389
149	390
165	390
342	390
352	390
592	390
601	390
801	390
816	390
149	391
164	391
342	391
352	391
592	391
601	391
800	391
816	391
149	392
164	392
342	392
352	392
592	392
601	392
800	392
816	392
149	393
164	393
342	393
352	393
592	393
601	393
800	393
816	393
149	394
164	394
342	394
352	394
592	394
601	394
800	394
816	394
149	395
164	395
342	395
352	395
592	395
601	395
800	395
816	395
149	396
164	396
342	396
352	396
592	396
602	396
800	396
815	396
149	397
164	397
342	397
352	397
592	397
602	397
800	397
815	397
149	398
164	398
343	398
352	398
592	398
602	398
799	398
815	398
148	399
164	399
343	399
352	399
592	399
602	399
799	399
815	399
148	400
164	400
343	400
353	400
592	400
602	400
799	400
815	400
148	401
164	401
343	401
353	401
592	401
602	401
799	401
814	401
148	402
164	402
343	402
353	402
592	402
602	402
799	402
814	402
148	403
164	403
343	403
353	403
592	403
602	403
799	403
814	403
148	404
164	404
343	404
353	404
592	404
602	404
798	404
814	404
148	405
164	405
343	405
353	405
592	405
602	405
798	405
814	405
148	406
164	406
343	406
353	406
592	406
602	406
798	406
814	406
148	407
164	407
343	407
353	407
592	407
602	407
798	407
814	407
148	408
164	408
343	408
353	408
592	408
602	408
797	408
813	408
148	409
164	409
344	409
353	409
592	409
602	409
797	409
813	409
148	410
164	410
344	410
353	410
592	410
602	410
797	410
813	410
148	411
164	411
344	411
354	411
592	411
602	411
797	411
813	411
148	412
164	412
344	412
354	412
592	412
602	412
797	412
812	412
148	413
164	413
344	413
354	413
592	413
602	413
796	413
812	413
149	414
164	414
344	414
354	414
592	414
602	414
796	414
812	414
149	415
164	415
344	415
354	415
592	415
602	415
796	415
812	415
149	416
164	416
344	416
354	416
592	416
602	416
796	416
812	416
149	417
164	417
344	417
354	417
592	417
602	417
795	417
811	417
149	418
164	418
344	418
354	418
592	418
602	418
795	418
811	418
149	419
164	419
345	419
354	419
592	419
602	419
795	419
811	419
149	420
164	420
345	420
354	420
592	420
602	420
795	420
811	420
149	421
165	421
345	421
354	421
592	421
602	421
794	421
810	421
149	422
165	422
345	422
355	422
592	422
602	422
794	422
810	422
149	423
165	423
345	423
355	423
592	423
602	423
794	423
810	423
150	424
165	424
345	424
355	424
592	424
602	424
793	424
810	424
150	425
165	425
345	425
355	425
592	425
602	425
793	425
809	425
150	426
165	426
345	426
355	426
592	426
602	426
793	426
809	426
150	427
165	427
345	427
355	427
592	427
602	427
792	427
809	427
150	428
166	428
345	428
355	428
592	428
602	428
792	428
808	428
150	429
166	429
345	429
355	429
592	429
602	429
792	429
808	429
150	430
166	430
345	430
355	430
592	430
602	430
791	430
808	430
151	431
166	431
345	431
355	431
592	431
602	431
791	431
807	431
151	432
166	432
345	432
355	432
592	432
602	432
791	432
807	432
151	433
166	433
346	433
355	433
592	433
602	433
790	433
807	433
151	434
167	434
346	434
355	434
592	434
602	434
790	434
807	434
151	435
167	435
346	435
356	435
592	435
602	435
790	435
806	435
151	436
167	436
346	436
357	436
358	436
359	436
360	436
361	436
362	436
363	436
364	436
365	436
366	436
367	436
368	436
369	436
592	436
602	436
789	436
806	436
152	437
167	437
346	437
370	437
371	437
372	437
589	437
590	437
591	437
592	437
602	437
603	437
789	437
806	437
152	438
168	438
346	438
373	438
374	438
375	438
585	438
586	438
587	438
588	438
603	438
604	438
605	438
789	438
805	438
152	439
168	439
345	439
346	439
376	439
377	439
378	439
582	439
583	439
584	439
606	439
607	439
608	439
788	439
805	439
152	440
168	440
343	440
344	440
345	440
378	440
379	440
380	440
580	440
581	440
608	440
609	440
610	440
788	440
805	440
153	441
168	441
342	441
343	441
380	441
381	441
382	441
578	441
579	441
580	441
610	441
611	441
787	441
788	441
804	441
153	442
169	442
340	442
341	442
342	442
382	442
383	442
576	442
577	442
578	442
611	442
612	442
613	442
787	442
804	442
153	443
169	443
339	443
340	443
383	443
384	443
574	443
575	443
576	443
613	443
614	443
787	443
803	443
153	444
169	444
338	444
339	444
384	444
385	444
386	444
573	444
574	444
614	444
615	444
786	444
803	444
154	445
170	445
336	445
337	445
338	445
386	445
387	445
572	445
573	445
615	445
616	445
617	445
786	445
803	445
154	446
170	446
335	446
336	446
387	446
388	446
570	446
571	446
572	446
617	446
618	446
785	446
786	446
802	446
154	447
170	447
334	447
335	447
388	447
389	447
569	447
570	447
618	447
619	447
785	447
802	447
154	448
171	448
333	448
334	448
389	448
568	448
569	448
619	448
620	448
784	448
785	448
801	448
155	449
171	449
332	449
333	449
389	449
390	449
568	449
620	449
621	449
784	449
801	449
155	450
171	450
331	450
332	450
359	450
360	450
361	450
362	450
363	450
364	450
390	450
391	450
567	450
568	450
621	450
622	450
784	450
801	450
155	451
172	451
330	451
331	451
355	451
356	451
357	451
358	451
365	451
366	451
367	451
368	451
391	451
392	451
566	451
567	451
622	451
783	451
800	451
156	452
172	452
329	452
330	452
352	452
353	452
354	452
369	452
370	452
371	452
392	452
565	452
566	452
588	452
589	452
590	452
591	452
592	452
593	452
594	452
595	452
596	452
597	452
598	452
599	452
622	452
623	452
782	452
783	452
800	452
156	453
172	453
329	453
350	453
351	453
352	453
371	453
372	453
373	453
392	453
393	453
564	453
565	453
585	453
586	453
587	453
600	453
601	453
602	453
623	453
624	453
782	453
799	453
156	454
173	454
328	454
329	454
349	454
350	454
373	454
374	454
375	454
393	454
394	454
564	454
583	454
584	454
602	454
603	454
604	454
624	454
625	454
781	454
782	454
799	454
157	455
173	455
327	455
328	455
347	455
348	455
349	455
375	455
376	455
394	455
563	455
564	455
581	455
582	455
583	455
604	455
605	455
625	455
781	455
798	455
799	455
157	456
173	456
326	456
327	456
346	456
347	456
376	456
377	456
394	456
395	456
562	456
563	456
580	456
581	456
605	456
606	456
625	456
626	456
780	456
781	456
798	456
157	457
174	457
325	457
326	457
345	457
346	457
377	457
378	457
395	457
562	457
579	457
580	457
606	457
607	457
608	457
626	457
627	457
780	457
797	457
798	457
158	458
174	458
175	458
325	458
343	458
344	458
345	458
378	458
395	458
396	458
561	458
562	458
578	458
579	458
608	458
609	458
627	458
779	458
780	458
797	458
158	459
175	459
324	459
325	459
342	459
343	459
378	459
379	459
396	459
561	459
577	459
578	459
609	459
610	459
627	459
628	459
779	459
796	459
797	459
159	460
175	460
323	460
324	460
341	460
342	460
379	460
380	460
396	460
560	460
561	460
576	460
577	460
610	460
611	460
628	460
629	460
778	460
779	460
796	460
159	461
175	461
176	461
322	461
323	461
340	461
341	461
380	461
397	461
560	461
576	461
611	461
612	461
629	461
778	461
795	461
796	461
160	462
176	462
322	462
339	462
340	462
380	462
381	462
397	462
560	462
575	462
576	462
612	462
629	462
630	462
777	462
778	462
795	462
160	463
176	463
177	463
321	463
322	463
338	463
339	463
381	463
397	463
559	463
575	463
612	463
613	463
630	463
776	463
777	463
794	463
795	463
160	464
161	464
177	464
320	464
321	464
338	464
381	464
398	464
559	464
574	464
575	464
613	464
614	464
630	464
631	464
776	464
794	464
161	465
177	465
178	465
320	465
337	465
338	465
382	465
398	465
559	465
573	465
574	465
614	465
615	465
631	465
632	465
775	465
776	465
793	465
794	465
161	466
178	466
319	466
320	466
336	466
337	466
382	466
398	466
558	466
573	466
615	466
632	466
774	466
775	466
793	466
161	467
162	467
178	467
179	467
319	467
335	467
336	467
382	467
399	467
558	467
573	467
615	467
616	467
632	467
633	467
774	467
792	467
793	467
162	468
179	468
180	468
318	468
319	468
335	468
383	468
399	468
558	468
572	468
616	468
617	468
633	468
773	468
774	468
792	468
162	469
163	469
180	469
317	469
318	469
334	469
335	469
383	469
399	469
557	469
572	469
617	469
633	469
634	469
773	469
791	469
792	469
163	470
164	470
180	470
181	470
317	470
333	470
334	470
383	470
399	470
557	470
572	470
617	470
618	470
634	470
772	470
773	470
790	470
791	470
164	471
181	471
316	471
317	471
333	471
383	471
399	471
557	471
571	471
618	471
619	471
634	471
635	471
771	471
772	471
790	471
164	472
181	472
182	472
316	472
332	472
333	472
384	472
399	472
557	472
571	472
619	472
635	472
636	472
770	472
771	472
789	472
790	472
164	473
165	473
182	473
183	473
315	473
316	473
331	473
332	473
384	473
400	473
557	473
571	473
619	473
620	473
636	473
770	473
788	473
789	473
165	474
166	474
183	474
315	474
331	474
384	474
400	474
556	474
571	474
620	474
636	474
769	474
770	474
788	474
166	475
183	475
184	475
314	475
315	475
330	475
331	475
384	475
400	475
556	475
570	475
620	475
621	475
636	475
637	475
768	475
769	475
787	475
788	475
166	476
167	476
184	476
185	476
314	476
329	476
330	476
384	476
400	476
556	476
570	476
621	476
622	476
637	476
767	476
768	476
787	476
167	477
185	477
313	477
314	477
329	477
384	477
400	477
556	477
570	477
622	477
637	477
638	477
767	477
786	477
787	477
167	478
168	478
185	478
186	478
313	478
328	478
329	478
384	478
400	478
556	478
570	478
622	478
623	478
638	478
766	478
767	478
785	478
786	478
168	479
169	479
186	479
187	479
312	479
313	479
328	479
384	479
400	479
556	479
570	479
623	479
638	479
639	479
765	479
766	479
785	479
169	480
187	480
188	480
312	480
327	480
384	480
400	480
556	480
570	480
623	480
624	480
639	480
764	480
765	480
784	480
785	480
169	481
170	481
188	481
311	481
312	481
326	481
327	481
384	481
400	481
556	481
570	481
624	481
639	481
640	481
763	481
764	481
783	481
784	481
170	482
188	482
189	482
311	482
326	482
384	482
400	482
556	482
570	482
624	482
625	482
640	482
762	482
763	482
782	482
783	482
170	483
171	483
189	483
190	483
310	483
325	483
326	483
384	483
400	483
556	483
570	483
625	483
640	483
641	483
761	483
762	483
782	483
171	484
172	484
190	484
191	484
310	484
325	484
384	484
400	484
556	484
570	484
625	484
626	484
641	484
761	484
781	484
782	484
172	485
173	485
191	485
192	485
309	485
310	485
324	485
325	485
384	485
400	485
556	485
570	485
626	485
641	485
642	485
760	485
761	485
780	485
781	485
173	486
192	486
193	486
309	486
324	486
384	486
399	486
556	486
570	486
626	486
627	486
642	486
643	486
759	486
760	486
779	486
780	486
173	487
174	487
193	487
308	487
309	487
323	487
324	487
383	487
399	487
556	487
570	487
627	487
643	487
757	487
758	487
759	487
778	487
779	487
174	488
175	488
193	488
194	488
308	488
322	488
323	488
383	488
399	488
556	488
570	488
627	488
628	488
643	488
644	488
756	488
757	488
778	488
175	489
194	489
195	489
307	489
308	489
322	489
383	489
399	489
556	489
570	489
628	489
644	489
755	489
756	489
777	489
778	489
175	490
176	490
195	490
196	490
307	490
322	490
383	490
399	490
556	490
570	490
628	490
629	490
644	490
754	490
755	490
776	490
777	490
176	491
177	491
196	491
197	491
306	491
307	491
321	491
322	491
383	491
399	491
556	491
570	491
629	491
644	491
645	491
753	491
754	491
775	491
776	491
177	492
178	492
197	492
198	492
306	492
321	492
383	492
398	492
556	492
570	492
629	492
630	492
645	492
752	492
753	492
774	492
775	492
178	493
179	493
198	493
199	493
306	493
320	493
321	493
382	493
398	493
556	493
570	493
630	493
645	493
646	493
751	493
752	493
773	493
774	493
179	494
199	494
200	494
305	494
320	494
382	494
398	494
556	494
570	494
630	494
631	494
646	494
750	494
751	494
772	494
773	494
179	495
180	495
200	495
201	495
305	495
319	495
320	495
382	495
398	495
556	495
571	495
631	495
646	495
647	495
749	495
750	495
772	495
180	496
181	496
201	496
202	496
304	496
305	496
319	496
382	496
397	496
557	496
571	496
631	496
647	496
748	496
749	496
771	496
772	496
181	497
182	497
202	497
203	497
204	497
304	497
318	497
319	497
381	497
397	497
557	497
571	497
632	497
647	497
648	497
747	497
748	497
770	497
771	497
182	498
183	498
204	498
205	498
303	498
318	498
381	498
397	498
557	498
571	498
632	498
648	498
745	498
746	498
747	498
769	498
770	498
183	499
184	499
205	499
206	499
303	499
318	499
381	499
397	499
557	499
571	499
633	499
648	499
744	499
745	499
768	499
769	499
184	500
185	500
206	500
207	500
303	500
317	500
381	500
396	500
557	500
572	500
633	500
649	500
743	500
744	500
767	500
768	500
185	501
186	501
207	501
208	501
302	501
317	501
380	501
396	501
557	501
572	501
634	501
649	501
742	501
743	501
766	501
767	501
186	502
187	502
208	502
209	502
210	502
302	502
317	502
380	502
396	502
558	502
572	502
634	502
650	502
740	502
741	502
742	502
765	502
766	502
187	503
188	503
210	503
211	503
301	503
316	503
380	503
396	503
558	503
572	503
634	503
650	503
739	503
740	503
764	503
765	503
188	504
189	504
211	504
212	504
301	504
316	504
379	504
395	504
558	504
572	504
635	504
650	504
738	504
739	504
763	504
764	504
189	505
190	505
212	505
213	505
214	505
300	505
315	505
379	505
395	505
558	505
573	505
635	505
651	505
736	505
737	505
738	505
762	505
763	505
190	506
191	506
214	506
215	506
300	506
315	506
379	506
395	506
558	506
573	506
636	506
651	506
735	506
736	506
761	506
762	506
191	507
192	507
215	507
216	507
217	507
300	507
314	507
378	507
394	507
559	507
573	507
636	507
652	507
733	507
734	507
735	507
760	507
761	507
192	508
193	508
217	508
218	508
219	508
299	508
314	508
378	508
394	508
559	508
573	508
636	508
652	508
732	508
733	508
758	508
759	508
760	508
193	509
194	509
219	509
220	509
299	509
314	509
378	509
394	509
559	509
573	509
637	509
652	509
730	509
731	509
732	509
757	509
758	509
194	510
195	510
196	510
220	510
221	510
222	510
299	510
313	510
378	510
394	510
559	510
574	510
637	510
653	510
728	510
729	510
730	510
756	510
757	510
196	511
197	511
222	511
223	511
298	511
313	511
377	511
393	511
559	511
574	511
638	511
653	511
726	511
727	511
728	511
755	511
756	511
197	512
198	512
223	512
224	512
225	512
298	512
312	512
377	512
393	512
560	512
574	512
638	512
653	512
725	512
726	512
753	512
754	512
755	512
198	513
199	513
200	513
225	513
226	513
227	513
297	513
312	513
377	513
393	513
560	513
574	513
638	513
654	513
723	513
724	513
725	513
752	513
753	513
200	514
201	514
227	514
228	514
229	514
297	514
312	514
376	514
392	514
560	514
575	514
639	514
654	514
721	514
722	514
723	514
751	514
752	514
201	515
202	515
229	515
230	515
231	515
296	515
297	515
311	515
376	515
392	515
560	515
575	515
639	515
654	515
719	515
720	515
721	515
750	515
751	515
202	516
203	516
204	516
231	516
232	516
233	516
296	516
311	516
376	516
392	516
561	516
575	516
639	516
655	516
717	516
718	516
719	516
748	516
749	516
750	516
204	517
205	517
233	517
234	517
235	517
296	517
311	517
375	517
391	517
561	517
575	517
640	517
655	517
715	517
716	517
717	517
747	517
748	517
205	518
206	518
207	518
236	518
237	518
295	518
310	518
375	518
391	518
561	518
576	518
640	518
655	518
713	518
714	518
745	518
746	518
747	518
207	519
208	519
237	519
238	519
239	519
295	519
310	519
375	519
391	519
562	519
576	519
640	519
656	519
710	519
711	519
712	519
744	519
745	519
208	520
209	520
240	520
241	520
242	520
295	520
309	520
374	520
390	520
562	520
576	520
641	520
656	520
708	520
709	520
742	520
743	520
744	520
209	521
210	521
211	521
243	521
244	521
294	521
309	521
374	521
390	521
562	521
577	521
641	521
656	521
705	521
706	521
707	521
741	521
742	521
211	522
212	522
213	522
245	522
246	522
247	522
294	522
309	522
373	522
389	522
562	522
577	522
642	522
657	522
702	522
703	522
704	522
739	522
740	522
741	522
213	523
214	523
248	523
249	523
250	523
294	523
308	523
373	523
389	523
563	523
577	523
642	523
657	523
699	523
700	523
701	523
737	523
738	523
739	523
214	524
215	524
216	524
251	524
252	524
253	524
293	524
308	524
373	524
389	524
563	524
577	524
642	524
658	524
695	524
696	524
697	524
698	524
736	524
737	524
216	525
217	525
218	525
254	525
255	525
256	525
293	525
308	525
372	525
388	525
563	525
578	525
643	525
658	525
691	525
692	525
693	525
694	525
734	525
735	525
736	525
218	526
219	526
220	526
257	526
258	526
259	526
260	526
293	526
307	526
372	526
388	526
564	526
578	526
643	526
658	526
688	526
689	526
690	526
732	526
733	526
734	526
220	527
221	527
222	527
261	527
262	527
263	527
292	527
307	527
372	527
388	527
564	527
578	527
644	527
659	527
683	527
684	527
685	527
686	527
687	527
731	527
732	527
222	528
223	528
224	528
264	528
265	528
266	528
267	528
292	528
307	528
371	528
387	528
564	528
579	528
644	528
659	528
678	528
679	528
680	528
681	528
682	528
728	528
729	528
730	528
224	529
225	529
226	529
268	529
269	529
270	529
271	529
272	529
292	529
306	529
371	529
387	529
565	529
579	529
644	529
659	529
673	529
674	529
675	529
676	529
677	529
726	529
727	529
728	529
226	530
227	530
228	530
273	530
274	530
275	530
276	530
277	530
292	530
306	530
371	530
386	530
565	530
579	530
645	530
660	530
666	530
667	530
668	530
669	530
670	530
671	530
672	530
725	530
726	530
228	531
229	531
230	531
278	531
279	531
280	531
281	531
282	531
283	531
291	531
306	531
370	531
386	531
565	531
580	531
645	531
660	531
661	531
662	531
663	531
664	531
665	531
722	531
723	531
724	531
230	532
231	532
232	532
284	532
285	532
286	532
287	532
288	532
289	532
290	532
291	532
305	532
370	532
386	532
565	532
580	532
645	532
719	532
720	532
721	532
232	533
233	533
234	533
305	533
370	533
385	533
566	533
580	533
646	533
717	533
718	533
719	533
235	534
236	534
237	534
305	534
369	534
385	534
566	534
581	534
646	534
715	534
716	534
238	535
239	535
304	535
369	535
384	535
566	535
581	535
646	535
712	535
713	535
714	535
240	536
241	536
242	536
304	536
368	536
384	536
567	536
581	536
647	536
709	536
710	536
711	536
243	537
244	537
245	537
304	537
368	537
384	537
567	537
581	537
647	537
706	537
707	537
708	537
246	538
247	538
248	538
303	538
368	538
383	538
567	538
582	538
648	538
703	538
704	538
705	538
249	539
250	539
251	539
303	539
367	539
383	539
568	539
582	539
648	539
700	539
701	539
702	539
252	540
253	540
254	540
255	540
303	540
367	540
383	540
568	540
582	540
648	540
696	540
697	540
698	540
699	540
256	541
257	541
258	541
303	541
367	541
382	541
568	541
583	541
649	541
692	541
693	541
694	541
695	541
259	542
260	542
261	542
262	542
302	542
366	542
382	542
569	542
583	542
649	542
688	542
689	542
690	542
691	542
263	543
264	543
265	543
266	543
302	543
366	543
382	543
569	543
583	543
649	543
683	543
684	543
685	543
686	543
687	543
267	544
268	544
269	544
270	544
271	544
302	544
366	544
381	544
569	544
583	544
650	544
677	544
678	544
679	544
680	544
681	544
682	544
272	545
273	545
274	545
275	545
276	545
301	545
366	545
381	545
569	545
584	545
650	545
671	545
672	545
673	545
674	545
675	545
676	545
277	546
278	546
279	546
280	546
281	546
282	546
301	546
365	546
381	546
570	546
584	546
650	546
666	546
667	546
668	546
669	546
670	546
283	547
284	547
285	547
286	547
301	547
365	547
380	547
570	547
584	547
651	547
666	547
286	548
300	548
365	548
380	548
570	548
585	548
651	548
666	548
286	549
300	549
364	549
380	549
571	549
585	549
651	549
666	549
285	550
300	550
364	550
379	550
571	550
585	550
651	550
666	550
285	551
300	551
364	551
379	551
571	551
585	551
652	551
667	551
285	552
299	552
363	552
379	552
571	552
586	552
652	552
667	552
284	553
299	553
363	553
378	553
572	553
586	553
652	553
667	553
284	554
299	554
363	554
378	554
572	554
586	554
653	554
668	554
284	555
298	555
363	555
378	555
572	555
586	555
653	555
668	555
284	556
298	556
362	556
377	556
572	556
586	556
653	556
668	556
283	557
298	557
362	557
377	557
573	557
587	557
653	557
669	557
283	558
298	558
362	558
377	558
573	558
587	558
654	558
669	558
283	559
297	559
362	559
377	559
573	559
587	559
654	559
669	559
283	560
297	560
361	560
376	560
573	560
587	560
654	560
670	560
282	561
297	561
361	561
376	561
574	561
588	561
655	561
670	561
282	562
296	562
361	562
376	562
574	562
588	562
655	562
670	562
282	563
296	563
361	563
376	563
574	563
588	563
655	563
670	563
282	564
296	564
361	564
375	564
574	564
588	564
655	564
671	564
281	565
296	565
360	565
375	565
575	565
589	565
656	565
671	565
281	566
295	566
360	566
375	566
575	566
589	566
656	566
671	566
281	567
295	567
360	567
375	567
575	567
589	567
656	567
672	567
280	568
295	568
360	568
374	568
575	568
589	568
657	568
672	568
280	569
295	569
361	569
374	569
575	569
589	569
657	569
672	569
280	570
294	570
361	570
374	570
576	570
589	570
657	570
672	570
280	571
294	571
361	571
362	571
373	571
374	571
576	571
589	571
658	571
673	571
279	572
294	572
362	572
363	572
372	572
373	572
576	572
589	572
658	572
673	572
279	573
294	573
363	573
364	573
371	573
372	573
577	573
588	573
658	573
673	573
279	574
293	574
364	574
365	574
366	574
367	574
368	574
369	574
370	574
371	574
577	574
578	574
587	574
588	574
658	574
674	574
279	575
293	575
578	575
579	575
586	575
587	575
659	575
674	575
279	576
293	576
579	576
580	576
581	576
582	576
583	576
584	576
585	576
586	576
659	576
674	576
278	577
293	577
659	577
674	577
278	578
292	578
660	578
675	578
278	579
292	579
660	579
675	579
278	580
292	580
660	580
675	580
277	581
292	581
660	581
676	581
277	582
291	582
661	582
676	582
277	583
291	583
661	583
676	583
277	584
291	584
661	584
676	584
276	585
291	585
661	585
677	585
276	586
291	586
662	586
677	586
276	587
290	587
662	587
677	587
276	588
290	588
662	588
677	588
275	589
290	589
662	589
678	589
275	590
290	590
663	590
678	590
275	591
289	591
663	591
678	591
275	592
289	592
663	592
678	592
275	593
289	593
664	593
679	593
274	594
289	594
664	594
679	594
274	595
288	595
664	595
679	595
274	596
288	596
664	596
679	596
274	597
288	597
665	597
680	597
274	598
288	598
665	598
680	598
273	599
288	599
665	599
680	599
273	600
287	600
665	600
680	600
273	601
287	601
666	601
681	601
273	602
287	602
666	602
681	602
272	603
287	603
666	603
681	603
272	604
287	604
666	604
681	604
272	605
286	605
667	605
682	605
272	606
286	606
667	606
682	606
272	607
286	607
667	607
682	607
272	608
286	608
667	608
682	608
271	609
286	609
668	609
683	609
271	610
285	610
668	610
683	610
271	611
285	611
668	611
683	611
271	612
285	612
668	612
683	612
271	613
285	613
668	613
684	613
270	614
285	614
669	614
684	614
270	615
284	615
669	615
684	615
270	616
284	616
669	616
684	616
270	617
284	617
669	617
684	617
270	618
284	618
670	618
685	618
270	619
284	619
670	619
685	619
269	620
284	620
670	620
685	620
269	621
283	621
670	621
685	621
269	622
283	622
670	622
686	622
269	623
283	623
671	623
686	623
269	624
283	624
671	624
686	624
268	625
283	625
671	625
686	625
268	626
283	626
671	626
686	626
268	627
282	627
672	627
687	627
268	628
282	628
672	628
687	628
268	629
282	629
672	629
687	629
268	630
282	630
672	630
687	630
267	631
282	631
672	631
688	631
267	632
282	632
673	632
688	632
267	633
281	633
673	633
688	633
267	634
281	634
673	634
688	634
267	635
281	635
673	635
688	635
267	636
281	636
674	636
689	636
266	637
281	637
674	637
689	637
266	638
281	638
674	638
689	638
266	639
280	639
674	639
689	639
266	640
280	640
674	640
689	640
266	641
280	641
675	641
690	641
266	642
280	642
675	642
690	642
265	643
280	643
675	643
690	643
265	644
280	644
675	644
690	644
265	645
279	645
675	645
690	645
265	646
279	646
676	646
690	646
265	647
279	647
676	647
691	647
265	648
279	648
676	648
691	648
264	649
279	649
676	649
691	649
264	650
279	650
676	650
691	650
264	651
278	651
676	651
691	651
264	652
278	652
677	652
692	652
264	653
278	653
677	653
692	653
264	654
278	654
677	654
692	654
264	655
278	655
677	655
692	655
263	656
278	656
677	656
692	656
263	657
278	657
678	657
692	657
263	658
277	658
678	658
693	658
263	659
277	659
678	659
693	659
263	660
277	660
678	660
693	660
263	661
277	661
678	661
693	661
263	662
277	662
679	662
693	662
262	663
277	663
679	663
694	663
262	664
277	664
679	664
694	664
262	665
276	665
679	665
694	665
262	666
276	666
679	666
694	666
262	667
276	667
679	667
694	667
262	668
276	668
680	668
694	668
262	669
276	669
680	669
695	669
261	670
276	670
680	670
695	670
261	671
276	671
680	671
695	671
261	672
275	672
680	672
695	672
261	673
275	673
680	673
695	673
261	674
275	674
681	674
695	674
261	675
275	675
681	675
695	675
261	676
275	676
681	676
696	676
260	677
275	677
681	677
696	677
260	678
275	678
681	678
696	678
260	679
275	679
681	679
696	679
260	680
274	680
682	680
696	680
260	681
274	681
682	681
696	681
260	682
274	682
682	682
697	682
260	683
274	683
682	683
697	683
260	684
274	684
682	684
697	684
260	685
274	685
682	685
697	685
259	686
274	686
682	686
697	686
259	687
274	687
683	687
697	687
259	688
273	688
683	688
697	688
259	689
273	689
683	689
698	689
259	690
273	690
683	690
698	690
259	691
273	691
683	691
698	691
259	692
273	692
683	692
698	692
259	693
273	693
683	693
698	693
259	694
273	694
684	694
698	694
258	695
273	695
684	695
698	695
258	696
273	696
684	696
699	696
258	697
272	697
684	697
699	697
258	698
272	698
684	698
699	698
258	699
272	699
684	699
699	699
258	700
272	700
684	700
699	700
258	701
272	701
685	701
699	701
258	702
272	702
685	702
699	702
258	703
272	703
685	703
700	703
257	704
272	704
685	704
700	704
257	705
272	705
685	705
700	705
257	706
271	706
685	706
700	706
257	707
271	707
685	707
700	707
257	708
271	708
686	708
700	708
257	709
271	709
686	709
700	709
257	710
271	710
686	710
701	710
257	711
271	711
686	711
701	711
257	712
271	712
686	712
701	712
257	713
271	713
686	713
701	713
256	714
271	714
686	714
701	714
256	715
271	715
687	715
701	715
256	716
271	716
687	716
701	716
256	717
270	717
687	717
701	717
256	718
270	718
687	718
702	718
256	719
270	719
687	719
702	719
256	720
270	720
687	720
702	720
256	721
270	721
687	721
702	721
256	722
270	722
687	722
702	722
256	723
270	723
687	723
702	723
256	724
270	724
688	724
702	724
255	725
270	725
688	725
702	725
255	726
270	726
688	726
702	726
255	727
269	727
688	727
703	727
255	728
269	728
688	728
703	728
255	729
269	729
688	729
703	729
255	730
269	730
688	730
703	730
255	731
269	731
689	731
703	731
255	732
269	732
689	732
703	732
255	733
269	733
689	733
703	733
255	734
269	734
689	734
703	734
255	735
269	735
689	735
704	735
255	736
269	736
689	736
704	736
254	737
269	737
689	737
704	737
254	738
269	738
689	738
704	738
255	739
268	739
690	739
704	739
255	740
256	740
257	740
258	740
259	740
260	740
261	740
262	740
263	740
264	740
265	740
266	740
267	740
268	740
690	740
691	740
692	740
693	740
694	740
695	740
696	740
697	740
698	740
699	740
700	740
701	740
702	740
703	740
704	740
