384	25
385	25
374	26
375	26
376	26
377	26
378	26
379	26
380	26
381	26
382	26
383	26
386	26
387	26
388	26
389	26
370	27
371	27
372	27
373	27
390	27
391	27
392	27
363	28
364	28
365	28
366	28
367	28
368	28
369	28
374	28
375	28
376	28
377	28
378	28
379	28
380	28
381	28
382	28
383	28
384	28
385	28
392	28
393	28
394	28
361	29
362	29
363	29
371	29
372	29
373	29
386	29
387	29
388	29
394	29
395	29
396	29
360	30
361	30
364	30
365	30
366	30
367	30
368	30
369	30
370	30
389	30
390	30
396	30
397	30
398	30
358	31
359	31
363	31
390	31
391	31
392	31
398	31
399	31
357	32
358	32
361	32
362	32
392	32
393	32
394	32
399	32
400	32
401	32
356	33
360	33
361	33
394	33
395	33
396	33
401	33
402	33
355	34
358	34
359	34
396	34
397	34
402	34
403	34
353	35
354	35
357	35
358	35
397	35
398	35
399	35
403	35
404	35
352	36
353	36
356	36
357	36
399	36
400	36
404	36
405	36
352	37
355	37
356	37
400	37
401	37
405	37
406	37
351	38
354	38
355	38
401	38
402	38
406	38
407	38
350	39
353	39
354	39
402	39
403	39
407	39
408	39
349	40
350	40
352	40
353	40
403	40
404	40
408	40
409	40
348	41
349	41
352	41
404	41
405	41
409	41
347	42
348	42
351	42
352	42
405	42
409	42
410	42
346	43
347	43
350	43
351	43
405	43
406	43
410	43
411	43
346	44
350	44
406	44
407	44
411	44
412	44
345	45
346	45
349	45
350	45
407	45
408	45
412	45
413	45
344	46
345	46
348	46
349	46
408	46
409	46
413	46
414	46
344	47
348	47
409	47
414	47
343	48
344	48
347	48
348	48
409	48
410	48
414	48
415	48
342	49
343	49
346	49
347	49
410	49
411	49
415	49
416	49
342	50
346	50
411	50
412	50
416	50
342	51
346	51
412	51
417	51
341	52
342	52
345	52
346	52
412	52
413	52
417	52
418	52
341	53
345	53
413	53
414	53
418	53
340	54
341	54
345	54
414	54
418	54
419	54
340	55
344	55
414	55
415	55
419	55
420	55
339	56
344	56
415	56
416	56
420	56
421	56
339	57
344	57
416	57
421	57
339	58
343	58
416	58
417	58
421	58
338	59
343	59
417	59
422	59
338	60
343	60
417	60
418	60
422	60
338	61
343	61
418	61
422	61
423	61
338	62
342	62
418	62
419	62
423	62
337	63
342	63
419	63
423	63
424	63
337	64
342	64
419	64
420	64
424	64
337	65
341	65
420	65
424	65
425	65
337	66
341	66
420	66
421	66
425	66
337	67
341	67
421	67
425	67
426	67
336	68
341	68
421	68
422	68
426	68
336	69
341	69
422	69
427	69
336	70
341	70
422	70
427	70
336	71
341	71
423	71
427	71
428	71
336	72
340	72
423	72
424	72
428	72
336	73
340	73
424	73
428	73
336	74
340	74
424	74
429	74
785	74
786	74
787	74
788	74
789	74
790	74
791	74
792	74
793	74
794	74
795	74
796	74
797	74
798	74
799	74
800	74
803	74
336	75
340	75
425	75
429	75
776	75
777	75
778	75
779	75
780	75
781	75
782	75
783	75
784	75
801	75
802	75
804	75
805	75
806	75
807	75
808	75
809	75
810	75
811	75
336	76
340	76
425	76
429	76
770	76
771	76
772	76
773	76
774	76
775	76
812	76
813	76
814	76
815	76
816	76
817	76
336	77
340	77
425	77
430	77
767	77
768	77
769	77
818	77
819	77
820	77
821	77
822	77
335	78
340	78
426	78
430	78
763	78
764	78
765	78
766	78
823	78
824	78
825	78
335	79
340	79
426	79
430	79
760	79
761	79
762	79
781	79
782	79
783	79
784	79
785	79
786	79
787	79
788	79
789	79
790	79
791	79
792	79
793	79
794	79
795	79
796	79
797	79
798	79
799	79
800	79
801	79
802	79
803	79
804	79
805	79
826	79
827	79
828	79
335	80
340	80
426	80
431	80
757	80
758	80
759	80
774	80
775	80
776	80
777	80
778	80
779	80
780	80
806	80
807	80
808	80
809	80
810	80
811	80
812	80
813	80
828	80
829	80
830	80
335	81
340	81
427	81
431	81
755	81
756	81
770	81
771	81
772	81
773	81
814	81
815	81
816	81
817	81
818	81
830	81
831	81
335	82
340	82
427	82
431	82
752	82
753	82
754	82
766	82
767	82
768	82
769	82
819	82
820	82
821	82
822	82
823	82
831	82
832	82
833	82
335	83
340	83
427	83
428	83
432	83
750	83
751	83
752	83
763	83
764	83
765	83
824	83
825	83
833	83
834	83
835	83
335	84
340	84
428	84
432	84
748	84
749	84
760	84
761	84
762	84
826	84
827	84
835	84
836	84
335	85
340	85
428	85
433	85
746	85
747	85
748	85
757	85
758	85
759	85
827	85
828	85
829	85
836	85
837	85
335	86
340	86
429	86
433	86
744	86
745	86
746	86
755	86
756	86
829	86
830	86
831	86
837	86
838	86
335	87
340	87
429	87
433	87
742	87
743	87
744	87
753	87
754	87
755	87
831	87
832	87
838	87
839	87
840	87
335	88
340	88
379	88
380	88
381	88
382	88
383	88
384	88
429	88
433	88
740	88
741	88
742	88
750	88
751	88
752	88
832	88
833	88
834	88
840	88
335	89
340	89
378	89
379	89
384	89
385	89
386	89
429	89
434	89
739	89
740	89
748	89
749	89
750	89
834	89
835	89
840	89
841	89
335	90
340	90
377	90
378	90
386	90
387	90
388	90
430	90
434	90
737	90
738	90
739	90
746	90
747	90
748	90
835	90
836	90
841	90
842	90
335	91
340	91
375	91
376	91
377	91
388	91
389	91
430	91
434	91
735	91
736	91
737	91
745	91
746	91
836	91
837	91
842	91
843	91
335	92
340	92
374	92
375	92
381	92
389	92
390	92
430	92
434	92
734	92
735	92
743	92
744	92
745	92
837	92
838	92
843	92
335	93
340	93
374	93
379	93
380	93
382	93
383	93
384	93
390	93
431	93
435	93
733	93
734	93
741	93
742	93
743	93
838	93
839	93
843	93
335	94
340	94
373	94
374	94
379	94
384	94
385	94
390	94
391	94
431	94
435	94
731	94
732	94
733	94
739	94
740	94
741	94
839	94
844	94
335	95
340	95
372	95
373	95
378	95
379	95
385	95
386	95
391	95
392	95
431	95
435	95
730	95
731	95
738	95
739	95
839	95
844	95
335	96
340	96
372	96
377	96
378	96
386	96
387	96
392	96
393	96
432	96
436	96
728	96
729	96
730	96
737	96
738	96
840	96
845	96
335	97
340	97
372	97
377	97
387	97
388	97
393	97
432	97
436	97
727	97
728	97
735	97
736	97
737	97
840	97
845	97
335	98
340	98
371	98
376	98
388	98
394	98
432	98
436	98
727	98
735	98
840	98
845	98
335	99
340	99
371	99
376	99
388	99
394	99
432	99
436	99
726	99
727	99
734	99
735	99
841	99
845	99
335	100
340	100
371	100
376	100
389	100
394	100
395	100
432	100
437	100
724	100
725	100
726	100
732	100
733	100
734	100
841	100
846	100
336	101
340	101
371	101
375	101
389	101
390	101
395	101
433	101
437	101
723	101
724	101
731	101
732	101
841	101
846	101
336	102
340	102
370	102
375	102
390	102
395	102
396	102
433	102
437	102
722	102
723	102
729	102
730	102
731	102
841	102
846	102
336	103
340	103
370	103
375	103
390	103
391	103
396	103
433	103
437	103
720	103
721	103
722	103
724	103
728	103
729	103
732	103
842	103
846	103
336	104
341	104
370	104
374	104
391	104
392	104
396	104
397	104
433	104
438	104
719	104
720	104
727	104
728	104
842	104
847	104
336	105
341	105
370	105
374	105
392	105
397	105
434	105
438	105
718	105
719	105
725	105
726	105
727	105
842	105
847	105
336	106
341	106
370	106
374	106
393	106
397	106
398	106
434	106
438	106
716	106
717	106
718	106
724	106
725	106
842	106
847	106
336	107
341	107
370	107
374	107
393	107
398	107
434	107
438	107
715	107
716	107
723	107
724	107
843	107
847	107
336	108
341	108
370	108
374	108
393	108
394	108
398	108
435	108
439	108
714	108
715	108
721	108
722	108
723	108
843	108
847	108
337	109
341	109
369	109
374	109
394	109
399	109
435	109
439	109
713	109
714	109
720	109
721	109
843	109
847	109
337	110
341	110
369	110
374	110
394	110
399	110
435	110
439	110
711	110
712	110
713	110
719	110
720	110
843	110
847	110
337	111
341	111
369	111
374	111
395	111
399	111
400	111
435	111
439	111
440	111
710	111
711	111
718	111
719	111
843	111
847	111
337	112
342	112
369	112
374	112
395	112
396	112
400	112
436	112
440	112
709	112
710	112
716	112
717	112
718	112
843	112
847	112
337	113
342	113
369	113
374	113
396	113
401	113
436	113
440	113
707	113
708	113
709	113
715	113
716	113
843	113
847	113
337	114
342	114
369	114
374	114
396	114
401	114
436	114
440	114
706	114
707	114
713	114
714	114
715	114
843	114
847	114
338	115
342	115
369	115
374	115
396	115
401	115
436	115
440	115
704	115
705	115
706	115
712	115
713	115
843	115
847	115
338	116
342	116
370	116
374	116
397	116
401	116
437	116
441	116
703	116
704	116
711	116
712	116
843	116
847	116
338	117
343	117
370	117
374	117
397	117
402	117
437	117
441	117
701	117
702	117
703	117
709	117
710	117
711	117
843	117
847	117
338	118
343	118
370	118
374	118
397	118
402	118
437	118
441	118
700	118
701	118
708	118
709	118
843	118
847	118
339	119
343	119
370	119
374	119
398	119
402	119
437	119
441	119
699	119
700	119
707	119
708	119
843	119
847	119
339	120
343	120
370	120
374	120
398	120
403	120
438	120
442	120
698	120
699	120
705	120
706	120
707	120
843	120
847	120
339	121
344	121
370	121
374	121
398	121
403	121
438	121
442	121
697	121
698	121
704	121
705	121
842	121
847	121
339	122
344	122
370	122
374	122
399	122
403	122
438	122
442	122
695	122
696	122
697	122
702	122
703	122
704	122
793	122
794	122
795	122
796	122
842	122
847	122
339	123
344	123
371	123
375	123
399	123
403	123
438	123
442	123
694	123
695	123
701	123
702	123
786	123
787	123
788	123
789	123
790	123
791	123
792	123
797	123
798	123
799	123
800	123
842	123
847	123
340	124
344	124
371	124
375	124
399	124
404	124
438	124
442	124
694	124
700	124
701	124
781	124
782	124
783	124
784	124
785	124
801	124
802	124
842	124
847	124
340	125
345	125
371	125
375	125
399	125
404	125
439	125
443	125
693	125
694	125
699	125
700	125
778	125
779	125
780	125
802	125
803	125
842	125
846	125
340	126
345	126
372	126
375	126
400	126
404	126
439	126
443	126
692	126
693	126
698	126
699	126
775	126
776	126
777	126
792	126
793	126
794	126
795	126
796	126
797	126
798	126
799	126
802	126
803	126
841	126
846	126
340	127
345	127
372	127
376	127
400	127
404	127
439	127
443	127
691	127
692	127
697	127
698	127
771	127
772	127
773	127
774	127
787	127
788	127
789	127
790	127
791	127
800	127
801	127
802	127
841	127
846	127
341	128
345	128
372	128
373	128
376	128
400	128
405	128
439	128
443	128
690	128
691	128
696	128
697	128
768	128
769	128
770	128
783	128
784	128
785	128
786	128
841	128
845	128
341	129
346	129
373	129
374	129
375	129
376	129
400	129
405	129
439	129
443	129
689	129
690	129
695	129
696	129
766	129
767	129
780	129
781	129
782	129
841	129
845	129
341	130
346	130
400	130
405	130
440	130
444	130
688	130
689	130
694	130
695	130
763	130
764	130
765	130
777	130
778	130
779	130
840	130
845	130
341	131
346	131
401	131
405	131
440	131
444	131
687	131
688	131
694	131
760	131
761	131
762	131
773	131
774	131
775	131
776	131
840	131
845	131
342	132
346	132
401	132
405	132
440	132
444	132
687	132
693	132
694	132
758	132
759	132
771	132
772	132
840	132
844	132
342	133
347	133
401	133
406	133
440	133
444	133
686	133
687	133
692	133
693	133
756	133
757	133
758	133
768	133
769	133
770	133
839	133
844	133
342	134
347	134
401	134
406	134
440	134
444	134
685	134
686	134
691	134
692	134
754	134
755	134
756	134
765	134
766	134
767	134
839	134
844	134
343	135
347	135
402	135
406	135
441	135
445	135
684	135
685	135
690	135
691	135
752	135
753	135
754	135
762	135
763	135
764	135
839	135
843	135
343	136
348	136
402	136
406	136
441	136
445	136
683	136
684	136
690	136
750	136
751	136
752	136
761	136
762	136
839	136
843	136
343	137
348	137
402	137
406	137
441	137
445	137
683	137
689	137
690	137
749	137
750	137
759	137
760	137
838	137
843	137
343	138
348	138
402	138
407	138
441	138
445	138
683	138
689	138
749	138
758	138
759	138
838	138
843	138
343	139
348	139
402	139
407	139
441	139
445	139
682	139
683	139
688	139
689	139
747	139
748	139
749	139
757	139
758	139
838	139
843	139
344	140
348	140
403	140
407	140
441	140
445	140
681	140
682	140
687	140
688	140
746	140
747	140
754	140
755	140
756	140
837	140
842	140
344	141
349	141
403	141
407	141
441	141
445	141
680	141
681	141
686	141
687	141
745	141
746	141
753	141
754	141
837	141
842	141
344	142
349	142
403	142
407	142
441	142
445	142
680	142
685	142
686	142
743	142
744	142
745	142
751	142
752	142
753	142
837	142
842	142
344	143
349	143
403	143
408	143
441	143
445	143
679	143
680	143
685	143
742	143
743	143
750	143
751	143
836	143
841	143
345	144
349	144
403	144
408	144
442	144
446	144
678	144
679	144
684	144
685	144
741	144
742	144
748	144
749	144
750	144
836	144
841	144
345	145
350	145
404	145
408	145
442	145
446	145
677	145
678	145
683	145
684	145
740	145
741	145
747	145
748	145
836	145
841	145
345	146
350	146
404	146
409	146
442	146
446	146
677	146
682	146
683	146
738	146
739	146
740	146
745	146
746	146
747	146
835	146
840	146
345	147
350	147
404	147
409	147
442	147
446	147
676	147
677	147
682	147
737	147
738	147
744	147
745	147
834	147
835	147
840	147
346	148
351	148
404	148
409	148
442	148
446	148
675	148
676	148
681	148
682	148
736	148
737	148
743	148
744	148
834	148
839	148
840	148
346	149
351	149
405	149
409	149
442	149
446	149
674	149
675	149
680	149
681	149
735	149
736	149
742	149
743	149
833	149
834	149
839	149
346	150
351	150
405	150
409	150
442	150
446	150
674	150
679	150
680	150
733	150
734	150
735	150
740	150
741	150
742	150
832	150
833	150
838	150
839	150
346	151
351	151
405	151
410	151
442	151
446	151
674	151
679	151
733	151
740	151
832	151
838	151
347	152
352	152
405	152
410	152
442	152
447	152
673	152
678	152
679	152
732	152
733	152
739	152
740	152
832	152
837	152
347	153
352	153
405	153
410	153
443	153
447	153
672	153
673	153
677	153
678	153
730	153
731	153
737	153
738	153
830	153
831	153
832	153
836	153
837	153
347	154
352	154
406	154
410	154
443	154
447	154
671	154
672	154
677	154
729	154
730	154
736	154
737	154
830	154
836	154
348	155
353	155
406	155
410	155
443	155
447	155
671	155
676	155
677	155
727	155
728	155
729	155
734	155
735	155
736	155
829	155
830	155
835	155
836	155
348	156
353	156
406	156
411	156
443	156
447	156
670	156
671	156
675	156
676	156
726	156
727	156
733	156
734	156
828	156
829	156
834	156
835	156
348	157
353	157
406	157
411	157
443	157
447	157
669	157
670	157
675	157
725	157
726	157
732	157
733	157
827	157
828	157
833	157
834	157
349	158
354	158
406	158
411	158
443	158
447	158
668	158
669	158
674	158
675	158
724	158
725	158
731	158
732	158
826	158
827	158
832	158
833	158
349	159
354	159
407	159
411	159
443	159
447	159
667	159
668	159
673	159
674	159
723	159
724	159
730	159
731	159
825	159
826	159
832	159
349	160
354	160
407	160
411	160
443	160
447	160
666	160
667	160
673	160
722	160
723	160
729	160
730	160
824	160
825	160
831	160
832	160
350	161
355	161
407	161
412	161
443	161
447	161
666	161
672	161
673	161
720	161
721	161
722	161
727	161
728	161
729	161
823	161
824	161
830	161
831	161
350	162
355	162
407	162
412	162
444	162
448	162
665	162
666	162
671	162
672	162
719	162
720	162
726	162
727	162
822	162
823	162
829	162
830	162
350	163
351	163
355	163
407	163
412	163
444	163
448	163
664	163
665	163
670	163
671	163
718	163
719	163
725	163
726	163
821	163
822	163
828	163
829	163
351	164
356	164
408	164
412	164
444	164
448	164
663	164
664	164
669	164
670	164
717	164
718	164
724	164
725	164
820	164
821	164
827	164
828	164
351	165
356	165
408	165
413	165
444	165
448	165
662	165
663	165
668	165
669	165
716	165
717	165
723	165
724	165
819	165
820	165
826	165
827	165
352	166
356	166
408	166
413	166
444	166
448	166
661	166
662	166
668	166
715	166
716	166
722	166
723	166
818	166
819	166
825	166
826	166
352	167
357	167
408	167
413	167
444	167
448	167
660	167
661	167
667	167
668	167
713	167
714	167
715	167
720	167
721	167
722	167
816	167
817	167
818	167
824	167
825	167
352	168
353	168
357	168
408	168
413	168
444	168
448	168
659	168
660	168
666	168
667	168
712	168
713	168
719	168
720	168
815	168
816	168
823	168
824	168
353	169
358	169
409	169
413	169
444	169
448	169
659	169
665	169
666	169
711	169
712	169
718	169
719	169
814	169
815	169
821	169
822	169
823	169
353	170
358	170
409	170
413	170
444	170
448	170
658	170
659	170
664	170
665	170
710	170
711	170
717	170
718	170
812	170
813	170
814	170
820	170
821	170
353	171
358	171
359	171
409	171
414	171
444	171
448	171
657	171
658	171
663	171
664	171
709	171
710	171
716	171
717	171
811	171
812	171
819	171
820	171
354	172
359	172
409	172
414	172
444	172
448	172
656	172
657	172
662	172
663	172
708	172
709	172
715	172
716	172
809	172
810	172
811	172
817	172
818	172
819	172
354	173
355	173
359	173
409	173
414	173
444	173
448	173
656	173
661	173
662	173
707	173
708	173
714	173
715	173
808	173
809	173
816	173
817	173
355	174
360	174
410	174
414	174
444	174
448	174
655	174
656	174
661	174
706	174
707	174
712	174
713	174
714	174
807	174
808	174
814	174
815	174
816	174
355	175
360	175
410	175
414	175
444	175
448	175
654	175
655	175
660	175
661	175
705	175
706	175
711	175
712	175
806	175
807	175
813	175
814	175
356	176
361	176
410	176
415	176
444	176
448	176
654	176
659	176
660	176
704	176
705	176
711	176
805	176
806	176
812	176
813	176
356	177
361	177
410	177
415	177
444	177
448	177
654	177
659	177
703	177
704	177
710	177
711	177
804	177
805	177
811	177
812	177
356	178
361	178
410	178
415	178
444	178
448	178
654	178
659	178
703	178
709	178
710	178
803	178
804	178
810	178
811	178
356	179
357	179
361	179
410	179
415	179
444	179
449	179
653	179
658	179
659	179
702	179
703	179
708	179
709	179
802	179
803	179
809	179
810	179
357	180
362	180
410	180
415	180
444	180
449	180
652	180
653	180
657	180
658	180
701	180
702	180
704	180
707	180
708	180
801	180
802	180
808	180
809	180
357	181
362	181
411	181
415	181
444	181
449	181
652	181
657	181
700	181
701	181
706	181
707	181
800	181
801	181
807	181
808	181
358	182
362	182
363	182
411	182
416	182
444	182
449	182
651	182
652	182
656	182
657	182
699	182
700	182
705	182
706	182
798	182
799	182
800	182
806	182
807	182
358	183
363	183
411	183
416	183
444	183
449	183
651	183
656	183
698	183
699	183
704	183
705	183
797	183
798	183
805	183
806	183
358	184
359	184
364	184
411	184
416	184
444	184
449	184
650	184
651	184
655	184
656	184
697	184
698	184
703	184
704	184
796	184
797	184
803	184
804	184
805	184
359	185
364	185
411	185
416	185
445	185
449	185
650	185
655	185
696	185
697	185
702	185
703	185
794	185
795	185
796	185
802	185
803	185
359	186
364	186
412	186
416	186
445	186
449	186
649	186
650	186
654	186
655	186
695	186
696	186
701	186
702	186
793	186
794	186
801	186
802	186
360	187
365	187
412	187
416	187
445	187
449	187
649	187
654	187
694	187
695	187
700	187
701	187
792	187
793	187
799	187
800	187
801	187
360	188
365	188
412	188
417	188
445	188
449	188
648	188
649	188
653	188
654	188
693	188
694	188
699	188
700	188
790	188
791	188
792	188
798	188
799	188
360	189
361	189
366	189
412	189
417	189
445	189
449	189
648	189
653	189
692	189
693	189
699	189
789	189
790	189
797	189
798	189
361	190
366	190
412	190
417	190
445	190
449	190
647	190
648	190
652	190
653	190
691	190
692	190
698	190
699	190
788	190
789	190
795	190
796	190
797	190
362	191
366	191
367	191
412	191
417	191
445	191
449	191
646	191
647	191
652	191
690	191
691	191
697	191
698	191
786	191
787	191
788	191
794	191
795	191
362	192
367	192
412	192
417	192
445	192
449	192
646	192
651	192
652	192
689	192
690	192
696	192
697	192
785	192
786	192
793	192
794	192
362	193
363	193
367	193
368	193
413	193
417	193
445	193
449	193
646	193
651	193
688	193
689	193
695	193
696	193
783	193
784	193
785	193
791	193
792	193
793	193
363	194
368	194
413	194
418	194
445	194
449	194
645	194
650	194
651	194
687	194
688	194
694	194
695	194
781	194
782	194
783	194
790	194
791	194
363	195
368	195
369	195
413	195
418	195
445	195
449	195
645	195
650	195
686	195
687	195
693	195
694	195
780	195
781	195
789	195
790	195
364	196
369	196
413	196
418	196
445	196
449	196
644	196
645	196
649	196
650	196
685	196
686	196
692	196
693	196
778	196
779	196
780	196
787	196
788	196
789	196
364	197
365	197
369	197
370	197
413	197
418	197
445	197
449	197
644	197
649	197
684	197
685	197
691	197
692	197
776	197
777	197
778	197
785	197
786	197
787	197
365	198
370	198
414	198
418	198
445	198
449	198
524	198
525	198
526	198
527	198
528	198
529	198
530	198
531	198
532	198
533	198
534	198
535	198
536	198
537	198
538	198
539	198
540	198
541	198
542	198
543	198
544	198
545	198
546	198
547	198
548	198
549	198
550	198
551	198
552	198
643	198
648	198
683	198
684	198
690	198
691	198
774	198
775	198
776	198
784	198
785	198
365	199
370	199
371	199
414	199
418	199
445	199
449	199
502	199
503	199
504	199
505	199
506	199
507	199
508	199
509	199
510	199
511	199
512	199
513	199
514	199
515	199
516	199
517	199
518	199
519	199
520	199
521	199
522	199
523	199
553	199
554	199
555	199
556	199
557	199
558	199
559	199
560	199
561	199
562	199
563	199
564	199
643	199
648	199
682	199
683	199
689	199
690	199
772	199
773	199
774	199
782	199
783	199
784	199
366	200
371	200
414	200
419	200
445	200
449	200
492	200
493	200
494	200
495	200
496	200
497	200
498	200
499	200
500	200
501	200
565	200
566	200
567	200
568	200
569	200
570	200
571	200
572	200
573	200
642	200
643	200
647	200
681	200
682	200
688	200
689	200
770	200
771	200
772	200
780	200
781	200
782	200
366	201
367	201
371	201
372	201
414	201
419	201
445	201
449	201
484	201
485	201
486	201
487	201
488	201
489	201
490	201
491	201
574	201
575	201
576	201
577	201
578	201
579	201
580	201
581	201
642	201
647	201
680	201
681	201
687	201
688	201
768	201
769	201
770	201
778	201
779	201
780	201
367	202
372	202
414	202
419	202
445	202
449	202
477	202
478	202
479	202
480	202
481	202
482	202
483	202
582	202
583	202
584	202
585	202
586	202
587	202
588	202
642	202
646	202
647	202
679	202
680	202
686	202
687	202
766	202
767	202
768	202
776	202
777	202
778	202
367	203
368	203
372	203
373	203
414	203
419	203
445	203
449	203
472	203
473	203
474	203
475	203
476	203
510	203
511	203
512	203
513	203
514	203
515	203
516	203
517	203
518	203
519	203
520	203
521	203
522	203
523	203
524	203
525	203
526	203
527	203
528	203
529	203
530	203
531	203
532	203
533	203
534	203
535	203
536	203
537	203
538	203
539	203
540	203
541	203
542	203
543	203
544	203
545	203
546	203
547	203
548	203
549	203
550	203
551	203
552	203
553	203
554	203
555	203
556	203
557	203
558	203
589	203
590	203
591	203
592	203
593	203
594	203
641	203
646	203
678	203
679	203
685	203
686	203
763	203
764	203
765	203
774	203
775	203
776	203
368	204
373	204
414	204
419	204
445	204
449	204
467	204
468	204
469	204
470	204
471	204
498	204
499	204
500	204
501	204
502	204
503	204
504	204
505	204
506	204
507	204
508	204
509	204
559	204
560	204
561	204
562	204
563	204
564	204
565	204
566	204
567	204
595	204
596	204
597	204
598	204
599	204
600	204
601	204
640	204
641	204
645	204
646	204
677	204
678	204
684	204
685	204
761	204
762	204
763	204
773	204
774	204
368	205
369	205
373	205
374	205
415	205
419	205
444	205
449	205
463	205
464	205
465	205
466	205
490	205
491	205
492	205
493	205
494	205
495	205
496	205
497	205
568	205
569	205
570	205
571	205
572	205
573	205
574	205
575	205
576	205
577	205
602	205
603	205
604	205
605	205
606	205
607	205
640	205
645	205
676	205
677	205
683	205
684	205
759	205
760	205
761	205
770	205
771	205
772	205
369	206
374	206
415	206
419	206
444	206
449	206
459	206
460	206
461	206
462	206
482	206
483	206
484	206
485	206
486	206
487	206
488	206
489	206
578	206
579	206
580	206
581	206
582	206
583	206
584	206
608	206
609	206
610	206
611	206
612	206
613	206
640	206
644	206
645	206
675	206
676	206
682	206
683	206
757	206
758	206
759	206
769	206
770	206
370	207
374	207
375	207
415	207
419	207
444	207
449	207
456	207
457	207
458	207
476	207
477	207
478	207
479	207
480	207
481	207
585	207
586	207
587	207
588	207
589	207
590	207
614	207
615	207
616	207
617	207
618	207
639	207
644	207
674	207
675	207
681	207
682	207
755	207
756	207
757	207
766	207
767	207
768	207
370	208
375	208
376	208
415	208
420	208
444	208
449	208
453	208
454	208
455	208
471	208
472	208
473	208
474	208
475	208
591	208
592	208
593	208
594	208
595	208
596	208
597	208
619	208
620	208
621	208
639	208
643	208
644	208
673	208
674	208
680	208
681	208
754	208
755	208
764	208
765	208
766	208
370	209
371	209
376	209
415	209
420	209
444	209
449	209
450	209
451	209
452	209
466	209
467	209
468	209
469	209
470	209
598	209
599	209
600	209
601	209
602	209
603	209
622	209
623	209
624	209
625	209
638	209
642	209
643	209
672	209
673	209
679	209
680	209
751	209
752	209
753	209
762	209
763	209
371	210
372	210
376	210
377	210
415	210
420	210
443	210
462	210
463	210
464	210
465	210
604	210
605	210
606	210
607	210
608	210
609	210
610	210
626	210
627	210
638	210
642	210
671	210
672	210
678	210
679	210
749	210
750	210
751	210
760	210
761	210
762	210
372	211
377	211
415	211
420	211
443	211
458	211
459	211
460	211
461	211
611	211
612	211
613	211
614	211
627	211
628	211
638	211
642	211
670	211
671	211
677	211
678	211
747	211
748	211
749	211
757	211
758	211
759	211
372	212
373	212
377	212
378	212
416	212
420	212
442	212
443	212
455	212
456	212
457	212
615	212
616	212
617	212
618	212
628	212
629	212
637	212
641	212
668	212
669	212
670	212
676	212
677	212
745	212
746	212
747	212
756	212
757	212
373	213
378	213
416	213
420	213
440	213
441	213
442	213
452	213
453	213
454	213
619	213
620	213
621	213
622	213
629	213
630	213
637	213
641	213
667	213
668	213
674	213
675	213
676	213
743	213
744	213
745	213
753	213
754	213
755	213
756	213
373	214
374	214
378	214
379	214
416	214
420	214
437	214
438	214
439	214
450	214
451	214
623	214
624	214
625	214
630	214
631	214
636	214
640	214
641	214
666	214
667	214
673	214
674	214
741	214
742	214
743	214
751	214
752	214
753	214
374	215
379	215
416	215
420	215
435	215
436	215
437	215
447	215
448	215
449	215
626	215
627	215
628	215
631	215
632	215
636	215
640	215
665	215
666	215
672	215
673	215
740	215
741	215
749	215
750	215
751	215
374	216
375	216
379	216
416	216
420	216
434	216
435	216
445	216
446	216
628	216
632	216
636	216
640	216
665	216
672	216
738	216
739	216
748	216
749	216
375	217
379	217
416	217
420	217
433	217
434	217
444	217
445	217
629	217
632	217
633	217
636	217
639	217
664	217
671	217
672	217
737	217
738	217
747	217
748	217
375	218
380	218
416	218
420	218
432	218
433	218
442	218
443	218
444	218
629	218
630	218
634	218
635	218
636	218
639	218
663	218
664	218
670	218
671	218
735	218
736	218
737	218
745	218
746	218
747	218
376	219
380	219
416	219
420	219
430	219
431	219
432	219
440	219
441	219
442	219
630	219
631	219
638	219
639	219
662	219
663	219
669	219
670	219
733	219
734	219
735	219
743	219
744	219
745	219
376	220
377	220
380	220
381	220
382	220
416	220
420	220
428	220
429	220
430	220
438	220
439	220
440	220
632	220
633	220
634	220
638	220
662	220
668	220
669	220
732	220
733	220
742	220
743	220
377	221
382	221
416	221
420	221
427	221
428	221
436	221
437	221
438	221
634	221
637	221
638	221
661	221
662	221
667	221
668	221
730	221
731	221
732	221
740	221
741	221
742	221
377	222
378	222
382	222
383	222
416	222
420	222
425	222
426	222
427	222
434	222
435	222
436	222
634	222
637	222
660	222
661	222
666	222
667	222
728	222
729	222
730	222
738	222
739	222
740	222
378	223
383	223
416	223
420	223
424	223
425	223
432	223
433	223
434	223
634	223
636	223
637	223
659	223
660	223
665	223
666	223
726	223
727	223
728	223
736	223
737	223
738	223
378	224
379	224
383	224
384	224
416	224
420	224
422	224
423	224
424	224
431	224
432	224
633	224
636	224
658	224
659	224
664	224
665	224
724	224
725	224
726	224
734	224
735	224
736	224
379	225
384	225
416	225
420	225
422	225
429	225
430	225
431	225
632	225
635	225
636	225
658	225
663	225
664	225
722	225
723	225
724	225
732	225
733	225
734	225
379	226
384	226
385	226
417	226
428	226
429	226
631	226
632	226
635	226
657	226
658	226
662	226
663	226
721	226
722	226
730	226
731	226
732	226
380	227
385	227
417	227
426	227
427	227
428	227
631	227
634	227
656	227
657	227
662	227
719	227
720	227
721	227
728	227
729	227
730	227
380	228
385	228
386	228
417	228
425	228
426	228
631	228
633	228
634	228
656	228
661	228
662	228
717	228
718	228
719	228
727	228
728	228
380	229
381	229
386	229
416	229
417	229
423	229
424	229
425	229
630	229
633	229
655	229
656	229
660	229
661	229
716	229
717	229
725	229
726	229
727	229
381	230
382	230
387	230
414	230
415	230
416	230
422	230
423	230
630	230
632	230
654	230
655	230
659	230
660	230
714	230
715	230
716	230
723	230
724	230
725	230
382	231
387	231
413	231
414	231
421	231
422	231
630	231
632	231
654	231
658	231
659	231
712	231
713	231
714	231
721	231
722	231
723	231
382	232
383	232
387	232
388	232
412	232
413	232
419	232
420	232
421	232
631	232
654	232
657	232
658	232
710	232
711	232
712	232
720	232
721	232
383	233
388	233
410	233
411	233
412	233
418	233
419	233
630	233
631	233
653	233
656	233
657	233
709	233
710	233
718	233
719	233
720	233
383	234
384	234
388	234
389	234
409	234
410	234
417	234
418	234
652	234
653	234
655	234
656	234
707	234
708	234
709	234
716	234
717	234
718	234
384	235
389	235
408	235
409	235
415	235
416	235
417	235
652	235
655	235
705	235
706	235
714	235
715	235
716	235
385	236
389	236
390	236
407	236
408	236
414	236
415	236
651	236
654	236
703	236
704	236
705	236
713	236
714	236
385	237
390	237
406	237
407	237
413	237
414	237
650	237
651	237
653	237
701	237
702	237
703	237
711	237
712	237
713	237
385	238
386	238
390	238
391	238
404	238
405	238
406	238
412	238
413	238
650	238
653	238
700	238
701	238
706	238
709	238
710	238
711	238
386	239
391	239
403	239
404	239
410	239
411	239
412	239
649	239
652	239
698	239
699	239
700	239
707	239
708	239
709	239
386	240
391	240
392	240
402	240
403	240
409	240
410	240
648	240
649	240
651	240
696	240
697	240
698	240
706	240
707	240
387	241
392	241
401	241
402	241
408	241
409	241
648	241
651	241
694	241
695	241
696	241
703	241
704	241
705	241
706	241
387	242
392	242
400	242
401	242
407	242
408	242
647	242
650	242
692	242
693	242
694	242
702	242
703	242
387	243
388	243
393	243
399	243
400	243
406	243
407	243
646	243
647	243
649	243
691	243
692	243
700	243
701	243
702	243
388	244
393	244
398	244
399	244
405	244
406	244
646	244
648	244
649	244
689	244
690	244
691	244
698	244
699	244
700	244
388	245
393	245
397	245
398	245
404	245
405	245
646	245
647	245
648	245
687	245
688	245
689	245
696	245
697	245
698	245
389	246
393	246
396	246
397	246
403	246
404	246
685	246
686	246
687	246
695	246
696	246
389	247
394	247
396	247
402	247
403	247
684	247
685	247
693	247
694	247
695	247
389	248
390	248
394	248
395	248
396	248
401	248
402	248
682	248
683	248
684	248
693	248
390	249
391	249
400	249
401	249
679	249
680	249
681	249
682	249
693	249
391	250
399	250
400	250
678	250
679	250
687	250
688	250
689	250
690	250
691	250
694	250
695	250
391	251
398	251
399	251
676	251
677	251
678	251
686	251
687	251
691	251
692	251
696	251
697	251
698	251
391	252
392	252
397	252
398	252
674	252
675	252
676	252
684	252
685	252
686	252
693	252
694	252
698	252
699	252
390	253
396	253
397	253
672	253
673	253
681	253
682	253
683	253
695	253
696	253
700	253
701	253
389	254
396	254
672	254
680	254
681	254
696	254
697	254
701	254
702	254
388	255
389	255
395	255
671	255
672	255
675	255
676	255
677	255
678	255
679	255
680	255
697	255
698	255
702	255
703	255
388	256
394	256
395	256
671	256
675	256
678	256
698	256
699	256
703	256
704	256
387	257
388	257
394	257
670	257
671	257
676	257
677	257
678	257
699	257
704	257
705	257
386	258
387	258
393	258
394	258
668	258
669	258
673	258
674	258
675	258
676	258
699	258
700	258
701	258
705	258
706	258
386	259
392	259
393	259
668	259
671	259
672	259
701	259
702	259
706	259
707	259
385	260
386	260
391	260
392	260
668	260
669	260
670	260
702	260
703	260
707	260
708	260
709	260
384	261
385	261
390	261
391	261
703	261
704	261
709	261
710	261
383	262
384	262
389	262
390	262
704	262
705	262
706	262
710	262
711	262
382	263
383	263
388	263
389	263
706	263
707	263
711	263
712	263
381	264
382	264
387	264
388	264
707	264
708	264
712	264
713	264
380	265
381	265
387	265
708	265
709	265
713	265
714	265
380	266
386	266
387	266
709	266
710	266
714	266
715	266
379	267
385	267
386	267
710	267
711	267
715	267
716	267
378	268
379	268
384	268
385	268
711	268
712	268
716	268
717	268
378	269
383	269
384	269
712	269
713	269
717	269
718	269
377	270
378	270
382	270
383	270
713	270
714	270
718	270
719	270
376	271
377	271
382	271
714	271
715	271
719	271
376	272
380	272
381	272
382	272
715	272
716	272
719	272
720	272
375	273
376	273
380	273
716	273
720	273
721	273
374	274
375	274
379	274
716	274
717	274
721	274
722	274
374	275
379	275
717	275
718	275
722	275
723	275
373	276
374	276
378	276
379	276
718	276
719	276
723	276
724	276
373	277
378	277
719	277
720	277
724	277
725	277
372	278
373	278
377	278
378	278
720	278
721	278
725	278
372	279
377	279
721	279
722	279
725	279
726	279
371	280
376	280
377	280
722	280
726	280
727	280
371	281
376	281
722	281
723	281
727	281
728	281
370	282
371	282
375	282
376	282
723	282
724	282
728	282
729	282
370	283
375	283
724	283
725	283
729	283
369	284
374	284
375	284
725	284
726	284
729	284
730	284
369	285
374	285
726	285
730	285
731	285
368	286
369	286
373	286
374	286
726	286
727	286
731	286
732	286
368	287
373	287
727	287
728	287
732	287
367	288
368	288
372	288
728	288
732	288
733	288
367	289
372	289
728	289
729	289
733	289
734	289
366	290
367	290
371	290
372	290
729	290
730	290
734	290
366	291
371	291
730	291
731	291
734	291
735	291
365	292
370	292
371	292
731	292
735	292
736	292
364	293
365	293
370	293
731	293
732	293
736	293
364	294
369	294
370	294
732	294
733	294
736	294
737	294
364	295
369	295
733	295
737	295
363	296
369	296
733	296
738	296
363	297
368	297
733	297
734	297
738	297
362	298
363	298
368	298
734	298
735	298
738	298
739	298
362	299
367	299
368	299
735	299
739	299
740	299
971	299
972	299
973	299
974	299
362	300
366	300
367	300
735	300
736	300
740	300
971	300
975	300
976	300
977	300
361	301
366	301
736	301
740	301
741	301
971	301
972	301
973	301
977	301
978	301
361	302
365	302
366	302
736	302
737	302
741	302
974	302
975	302
978	302
979	302
360	303
361	303
365	303
737	303
738	303
741	303
742	303
975	303
976	303
979	303
360	304
365	304
738	304
742	304
976	304
977	304
980	304
360	305
364	305
738	305
739	305
742	305
743	305
912	305
913	305
914	305
915	305
916	305
977	305
978	305
980	305
981	305
359	306
364	306
739	306
743	306
908	306
909	306
910	306
911	306
917	306
918	306
919	306
920	306
921	306
978	306
981	306
359	307
363	307
739	307
740	307
743	307
744	307
905	307
906	307
907	307
922	307
923	307
978	307
979	307
981	307
358	308
363	308
740	308
744	308
902	308
903	308
904	308
923	308
924	308
925	308
979	308
980	308
981	308
358	309
362	309
363	309
740	309
741	309
744	309
745	309
901	309
902	309
925	309
926	309
927	309
358	310
362	310
741	310
745	310
899	310
900	310
901	310
910	310
911	310
912	310
913	310
914	310
915	310
916	310
917	310
918	310
927	310
928	310
357	311
361	311
741	311
746	311
898	311
899	311
907	311
908	311
909	311
919	311
920	311
928	311
939	311
940	311
941	311
942	311
943	311
969	311
970	311
971	311
357	312
361	312
742	312
746	312
898	312
905	312
906	312
921	312
922	312
923	312
928	312
929	312
936	312
937	312
938	312
944	312
945	312
946	312
947	312
948	312
969	312
972	312
356	313
357	313
360	313
361	313
742	313
746	313
897	313
898	313
903	313
904	313
905	313
923	313
924	313
929	313
930	313
933	313
934	313
935	313
949	313
950	313
951	313
969	313
970	313
973	313
974	313
356	314
360	314
742	314
747	314
896	314
897	314
902	314
903	314
924	314
925	314
930	314
931	314
932	314
933	314
951	314
952	314
953	314
971	314
974	314
975	314
356	315
359	315
360	315
743	315
747	315
896	315
901	315
902	315
925	315
926	315
954	315
955	315
972	315
975	315
976	315
356	316
359	316
668	316
669	316
670	316
671	316
743	316
747	316
896	316
901	316
926	316
938	316
939	316
940	316
941	316
942	316
943	316
944	316
945	316
955	316
956	316
957	316
973	316
976	316
355	317
359	317
668	317
670	317
672	317
743	317
748	317
808	317
809	317
810	317
811	317
812	317
813	317
814	317
815	317
816	317
817	317
818	317
819	317
820	317
821	317
822	317
823	317
824	317
825	317
826	317
827	317
828	317
829	317
830	317
831	317
832	317
833	317
834	317
895	317
901	317
926	317
927	317
936	317
937	317
946	317
947	317
948	317
949	317
957	317
958	317
974	317
977	317
355	318
359	318
668	318
670	318
673	318
744	318
748	318
799	318
800	318
801	318
802	318
803	318
804	318
805	318
806	318
807	318
835	318
836	318
837	318
838	318
839	318
840	318
895	318
900	318
927	318
928	318
934	318
935	318
936	318
950	318
951	318
958	318
959	318
960	318
975	318
978	318
355	319
359	319
668	319
670	319
674	319
744	319
748	319
792	319
793	319
794	319
795	319
796	319
797	319
798	319
841	319
842	319
843	319
844	319
890	319
891	319
892	319
893	319
894	319
895	319
900	319
928	319
929	319
932	319
933	319
934	319
951	319
952	319
953	319
960	319
961	319
975	319
976	319
978	319
354	320
359	320
668	320
670	320
672	320
675	320
744	320
745	320
748	320
749	320
786	320
787	320
788	320
789	320
790	320
791	320
845	320
846	320
847	320
848	320
886	320
887	320
888	320
889	320
899	320
929	320
930	320
931	320
953	320
954	320
955	320
961	320
976	320
978	320
354	321
359	321
668	321
670	321
672	321
676	321
745	321
749	321
781	321
782	321
783	321
784	321
785	321
824	321
825	321
826	321
827	321
849	321
850	321
851	321
852	321
884	321
885	321
899	321
955	321
956	321
961	321
962	321
354	322
359	322
668	322
670	322
671	322
672	322
673	322
674	322
676	322
745	322
749	322
777	322
778	322
779	322
780	322
805	322
806	322
807	322
808	322
809	322
810	322
811	322
812	322
813	322
814	322
815	322
816	322
817	322
818	322
819	322
820	322
821	322
822	322
823	322
828	322
829	322
830	322
831	322
832	322
833	322
834	322
835	322
853	322
854	322
855	322
856	322
882	322
883	322
884	322
899	322
956	322
957	322
962	322
963	322
977	322
978	322
979	322
353	323
358	323
668	323
670	323
676	323
745	323
750	323
773	323
774	323
775	323
776	323
797	323
798	323
799	323
800	323
801	323
802	323
803	323
804	323
836	323
837	323
838	323
839	323
840	323
857	323
858	323
859	323
881	323
882	323
889	323
890	323
891	323
898	323
899	323
957	323
958	323
963	323
964	323
353	324
358	324
668	324
670	324
672	324
673	324
674	324
675	324
746	324
750	324
769	324
770	324
771	324
772	324
790	324
791	324
792	324
793	324
794	324
795	324
796	324
841	324
842	324
843	324
844	324
860	324
861	324
862	324
880	324
881	324
887	324
888	324
889	324
892	324
893	324
894	324
895	324
896	324
897	324
898	324
958	324
959	324
964	324
353	325
358	325
668	325
670	325
746	325
750	325
766	325
767	325
768	325
785	325
786	325
787	325
788	325
789	325
845	325
846	325
847	325
848	325
863	325
864	325
865	325
880	325
885	325
886	325
959	325
964	325
965	325
353	326
358	326
668	326
669	326
670	326
746	326
750	326
763	326
764	326
765	326
780	326
781	326
782	326
783	326
784	326
849	326
850	326
851	326
852	326
866	326
867	326
868	326
880	326
883	326
884	326
885	326
959	326
960	326
965	326
353	327
357	327
746	327
747	327
751	327
761	327
762	327
776	327
777	327
778	327
779	327
853	327
854	327
855	327
856	327
869	327
870	327
879	327
883	327
960	327
961	327
965	327
966	327
353	328
357	328
747	328
751	328
758	328
759	328
760	328
771	328
772	328
773	328
774	328
775	328
857	328
858	328
859	328
871	328
872	328
873	328
879	328
882	328
883	328
961	328
966	328
353	329
357	329
747	329
751	329
756	329
757	329
768	329
769	329
770	329
860	329
861	329
862	329
874	329
875	329
876	329
879	329
882	329
961	329
962	329
967	329
353	330
356	330
747	330
752	330
753	330
754	330
755	330
764	330
765	330
766	330
767	330
863	330
864	330
865	330
876	330
877	330
878	330
879	330
882	330
962	330
967	330
353	331
356	331
748	331
761	331
762	331
763	331
866	331
867	331
868	331
882	331
962	331
967	331
353	332
356	332
748	332
757	332
758	332
759	332
760	332
869	332
870	332
871	332
878	332
882	332
883	332
963	332
968	332
352	333
356	333
748	333
753	333
754	333
755	333
756	333
872	333
873	333
878	333
880	333
883	333
884	333
885	333
963	333
968	333
352	334
355	334
748	334
753	334
874	334
875	334
876	334
880	334
882	334
885	334
886	334
887	334
963	334
968	334
352	335
355	335
749	335
753	335
876	335
877	335
880	335
882	335
888	335
964	335
968	335
352	336
355	336
749	336
753	336
877	336
878	336
889	336
964	336
968	336
352	337
355	337
749	337
753	337
878	337
879	337
880	337
889	337
890	337
964	337
969	337
352	338
355	338
749	338
753	338
880	338
881	338
882	338
883	338
891	338
892	338
964	338
969	338
352	339
355	339
749	339
754	339
883	339
884	339
892	339
893	339
894	339
964	339
969	339
352	340
355	340
750	340
754	340
885	340
886	340
894	340
895	340
896	340
964	340
969	340
351	341
354	341
750	341
754	341
887	341
888	341
889	341
896	341
897	341
898	341
964	341
969	341
351	342
354	342
750	342
754	342
889	342
890	342
898	342
899	342
964	342
969	342
351	343
354	343
751	343
755	343
890	343
891	343
892	343
899	343
900	343
901	343
964	343
969	343
351	344
354	344
751	344
755	344
892	344
893	344
894	344
901	344
902	344
903	344
952	344
964	344
969	344
351	345
354	345
751	345
755	345
894	345
895	345
903	345
904	345
952	345
953	345
954	345
964	345
969	345
350	346
354	346
751	346
755	346
895	346
896	346
897	346
904	346
905	346
906	346
952	346
954	346
964	346
969	346
970	346
971	346
972	346
973	346
974	346
350	347
354	347
751	347
756	347
897	347
898	347
899	347
906	347
907	347
908	347
952	347
954	347
964	347
975	347
976	347
977	347
350	348
354	348
752	348
756	348
899	348
900	348
908	348
909	348
952	348
954	348
965	348
977	348
978	348
350	349
353	349
752	349
756	349
900	349
901	349
902	349
909	349
910	349
911	349
951	349
954	349
965	349
966	349
978	349
979	349
350	350
353	350
752	350
757	350
902	350
903	350
904	350
911	350
912	350
913	350
951	350
953	350
966	350
967	350
968	350
979	350
980	350
350	351
353	351
752	351
757	351
904	351
905	351
913	351
914	351
950	351
951	351
953	351
969	351
970	351
971	351
972	351
973	351
974	351
980	351
981	351
350	352
353	352
753	352
757	352
905	352
906	352
907	352
914	352
915	352
916	352
949	352
950	352
953	352
974	352
975	352
976	352
981	352
982	352
349	353
353	353
753	353
757	353
907	353
908	353
916	353
917	353
948	353
949	353
953	353
976	353
977	353
982	353
349	354
353	354
753	354
757	354
908	354
909	354
910	354
911	354
917	354
918	354
919	354
947	354
948	354
951	354
952	354
977	354
978	354
982	354
983	354
349	355
353	355
753	355
758	355
912	355
913	355
920	355
921	355
945	355
946	355
951	355
978	355
983	355
349	356
353	356
754	356
758	356
913	356
914	356
921	356
944	356
945	356
951	356
978	356
983	356
349	357
353	357
754	357
758	357
914	357
915	357
921	357
922	357
923	357
943	357
944	357
949	357
950	357
951	357
978	357
983	357
349	358
353	358
754	358
758	358
915	358
916	358
923	358
924	358
934	358
935	358
940	358
941	358
942	358
948	358
949	358
978	358
983	358
349	359
353	359
754	359
758	359
916	359
917	359
918	359
924	359
925	359
932	359
936	359
937	359
938	359
939	359
947	359
948	359
978	359
983	359
348	360
353	360
754	360
758	360
918	360
919	360
925	360
926	360
933	360
934	360
946	360
947	360
978	360
983	360
348	361
352	361
754	361
758	361
919	361
920	361
926	361
927	361
935	361
936	361
944	361
945	361
946	361
978	361
983	361
348	362
352	362
754	362
758	362
920	362
921	362
922	362
927	362
928	362
929	362
937	362
938	362
939	362
940	362
941	362
942	362
943	362
978	362
983	362
348	363
352	363
754	363
759	363
922	363
923	363
929	363
930	363
978	363
983	363
348	364
352	364
754	364
759	364
923	364
924	364
930	364
931	364
978	364
983	364
348	365
352	365
754	365
759	365
924	365
925	365
931	365
932	365
977	365
982	365
348	366
352	366
755	366
759	366
925	366
926	366
932	366
933	366
977	366
982	366
348	367
352	367
755	367
759	367
926	367
927	367
933	367
934	367
976	367
977	367
981	367
982	367
347	368
352	368
755	368
759	368
927	368
928	368
934	368
935	368
976	368
981	368
347	369
352	369
755	369
759	369
928	369
929	369
935	369
936	369
975	369
976	369
981	369
347	370
352	370
755	370
759	370
929	370
930	370
936	370
937	370
974	370
975	370
980	370
981	370
347	371
352	371
755	371
759	371
930	371
931	371
937	371
938	371
973	371
974	371
979	371
980	371
347	372
352	372
755	372
759	372
931	372
932	372
938	372
939	372
972	372
973	372
979	372
347	373
351	373
755	373
759	373
932	373
933	373
939	373
972	373
977	373
978	373
979	373
347	374
351	374
755	374
759	374
933	374
934	374
939	374
940	374
972	374
977	374
347	375
351	375
755	375
759	375
934	375
940	375
972	375
977	375
347	376
351	376
755	376
759	376
934	376
935	376
940	376
941	376
972	376
977	376
347	377
351	377
755	377
759	377
935	377
936	377
941	377
942	377
972	377
977	377
347	378
351	378
755	378
759	378
936	378
942	378
943	378
972	378
977	378
347	379
351	379
755	379
760	379
936	379
937	379
943	379
973	379
977	379
346	380
351	380
755	380
760	380
937	380
938	380
943	380
944	380
973	380
977	380
346	381
351	381
755	381
760	381
938	381
939	381
944	381
945	381
973	381
977	381
346	382
351	382
755	382
760	382
939	382
940	382
945	382
946	382
973	382
977	382
346	383
351	383
755	383
760	383
940	383
941	383
946	383
972	383
977	383
346	384
351	384
755	384
760	384
941	384
946	384
947	384
972	384
977	384
346	385
351	385
755	385
760	385
941	385
942	385
947	385
948	385
970	385
971	385
972	385
977	385
346	386
351	386
755	386
760	386
942	386
943	386
948	386
949	386
968	386
969	386
970	386
976	386
977	386
346	387
351	387
755	387
760	387
943	387
944	387
949	387
950	387
963	387
964	387
965	387
966	387
967	387
975	387
976	387
346	388
351	388
755	388
760	388
944	388
950	388
955	388
956	388
957	388
958	388
959	388
960	388
961	388
962	388
974	388
975	388
346	389
351	389
755	389
760	389
944	389
945	389
950	389
951	389
953	389
954	389
973	389
974	389
346	390
351	390
755	390
760	390
943	390
945	390
946	390
951	390
953	390
971	390
972	390
973	390
346	391
351	391
755	391
760	391
946	391
947	391
951	391
954	391
967	391
968	391
969	391
970	391
346	392
351	392
755	392
760	392
947	392
952	392
955	392
962	392
963	392
964	392
965	392
966	392
346	393
350	393
755	393
760	393
947	393
948	393
952	393
953	393
956	393
957	393
958	393
959	393
960	393
961	393
346	394
350	394
755	394
760	394
948	394
949	394
953	394
954	394
346	395
350	395
755	395
760	395
949	395
950	395
954	395
955	395
346	396
350	396
755	396
760	396
950	396
955	396
956	396
346	397
350	397
755	397
760	397
950	397
951	397
956	397
346	398
350	398
755	398
760	398
951	398
952	398
956	398
957	398
346	399
350	399
755	399
760	399
952	399
957	399
958	399
346	400
350	400
755	400
760	400
952	400
953	400
958	400
346	401
350	401
755	401
760	401
953	401
954	401
958	401
959	401
346	402
350	402
755	402
760	402
954	402
959	402
960	402
346	403
350	403
755	403
760	403
954	403
955	403
960	403
346	404
350	404
755	404
760	404
955	404
960	404
961	404
346	405
350	405
755	405
760	405
955	405
956	405
961	405
346	406
351	406
755	406
760	406
956	406
961	406
962	406
346	407
351	407
412	407
413	407
414	407
415	407
416	407
417	407
418	407
419	407
755	407
760	407
957	407
962	407
346	408
351	408
409	408
410	408
411	408
420	408
421	408
422	408
755	408
760	408
957	408
958	408
962	408
963	408
346	409
351	409
407	409
408	409
409	409
422	409
423	409
755	409
760	409
958	409
963	409
346	410
351	410
406	410
407	410
423	410
424	410
755	410
760	410
958	410
963	410
964	410
346	411
351	411
404	411
405	411
406	411
410	411
411	411
424	411
755	411
760	411
959	411
964	411
346	412
351	412
404	412
408	412
411	412
424	412
425	412
755	412
760	412
959	412
960	412
964	412
346	413
351	413
403	413
404	413
407	413
410	413
411	413
425	413
426	413
755	413
760	413
960	413
965	413
346	414
351	414
403	414
407	414
409	414
410	414
426	414
755	414
759	414
960	414
965	414
346	415
351	415
402	415
407	415
408	415
409	415
426	415
755	415
759	415
961	415
965	415
347	416
351	416
401	416
402	416
426	416
562	416
563	416
564	416
565	416
566	416
567	416
568	416
569	416
570	416
571	416
755	416
759	416
961	416
966	416
347	417
351	417
401	417
407	417
427	417
558	417
559	417
560	417
561	417
572	417
573	417
574	417
755	417
759	417
961	417
962	417
966	417
347	418
351	418
401	418
406	418
427	418
428	418
557	418
558	418
574	418
575	418
755	418
759	418
962	418
967	418
347	419
351	419
400	419
405	419
423	419
425	419
428	419
555	419
556	419
557	419
562	419
563	419
564	419
565	419
566	419
567	419
568	419
575	419
576	419
577	419
754	419
759	419
962	419
967	419
347	420
352	420
400	420
404	420
423	420
425	420
428	420
554	420
555	420
561	420
577	420
754	420
759	420
963	420
967	420
347	421
352	421
399	421
403	421
404	421
424	421
426	421
429	421
553	421
554	421
566	421
567	421
568	421
577	421
578	421
754	421
759	421
963	421
968	421
347	422
352	422
400	422
404	422
424	422
426	422
429	422
552	422
553	422
556	422
558	422
578	422
579	422
754	422
759	422
963	422
964	422
968	422
347	423
352	423
400	423
401	423
402	423
403	423
424	423
425	423
426	423
429	423
551	423
552	423
556	423
557	423
558	423
579	423
754	423
759	423
964	423
969	423
347	424
352	424
403	424
404	424
427	424
430	424
550	424
551	424
579	424
754	424
758	424
964	424
969	424
347	425
352	425
404	425
427	425
430	425
550	425
580	425
754	425
758	425
965	425
969	425
347	426
352	426
404	426
430	426
549	426
550	426
580	426
754	426
758	426
965	426
969	426
970	426
348	427
352	427
404	427
430	427
549	427
580	427
753	427
758	427
965	427
966	427
970	427
348	428
352	428
399	428
403	428
404	428
430	428
549	428
550	428
551	428
552	428
581	428
753	428
758	428
966	428
970	428
348	429
352	429
398	429
399	429
400	429
401	429
402	429
403	429
430	429
553	429
554	429
581	429
753	429
758	429
966	429
971	429
348	430
352	430
398	430
400	430
402	430
430	430
554	430
581	430
753	430
757	430
966	430
971	430
348	431
353	431
398	431
400	431
402	431
430	431
554	431
581	431
753	431
757	431
967	431
971	431
348	432
353	432
398	432
400	432
402	432
430	432
554	432
581	432
752	432
757	432
967	432
972	432
348	433
353	433
398	433
400	433
402	433
430	433
547	433
548	433
549	433
554	433
581	433
752	433
757	433
967	433
972	433
348	434
353	434
398	434
400	434
402	434
430	434
547	434
549	434
553	434
554	434
582	434
752	434
756	434
968	434
972	434
348	435
353	435
398	435
400	435
402	435
430	435
547	435
549	435
550	435
551	435
552	435
553	435
582	435
752	435
756	435
968	435
972	435
349	436
353	436
398	436
400	436
402	436
430	436
547	436
582	436
752	436
755	436
756	436
968	436
973	436
349	437
353	437
398	437
400	437
402	437
430	437
547	437
582	437
751	437
755	437
968	437
973	437
349	438
354	438
398	438
400	438
402	438
430	438
547	438
582	438
752	438
754	438
755	438
969	438
973	438
349	439
354	439
398	439
400	439
402	439
429	439
547	439
582	439
752	439
753	439
754	439
969	439
974	439
349	440
354	440
398	440
401	440
403	440
411	440
412	440
413	440
414	440
429	440
547	440
582	440
969	440
974	440
349	441
354	441
398	441
401	441
403	441
411	441
414	441
429	441
547	441
581	441
969	441
974	441
350	442
354	442
399	442
401	442
402	442
403	442
411	442
412	442
413	442
428	442
547	442
575	442
577	442
581	442
970	442
974	442
350	443
354	443
399	443
427	443
428	443
547	443
575	443
577	443
581	443
970	443
975	443
350	444
355	444
399	444
400	444
417	444
418	444
419	444
420	444
426	444
427	444
547	444
575	444
577	444
581	444
970	444
975	444
350	445
355	445
400	445
401	445
420	445
426	445
547	445
575	445
577	445
580	445
970	445
975	445
350	446
355	446
401	446
402	446
417	446
418	446
419	446
420	446
424	446
425	446
426	446
547	446
575	446
577	446
580	446
971	446
975	446
351	447
355	447
402	447
403	447
404	447
423	447
424	447
547	447
575	447
580	447
971	447
975	447
351	448
355	448
404	448
405	448
421	448
422	448
423	448
547	448
548	448
579	448
580	448
971	448
976	448
351	449
356	449
405	449
406	449
407	449
419	449
420	449
421	449
548	449
578	449
579	449
971	449
976	449
351	450
356	450
407	450
408	450
409	450
410	450
411	450
412	450
413	450
414	450
415	450
416	450
417	450
418	450
549	450
577	450
578	450
971	450
976	450
351	451
356	451
549	451
550	451
576	451
577	451
971	451
976	451
352	452
356	452
550	452
551	452
575	452
576	452
972	452
976	452
352	453
356	453
551	453
574	453
575	453
972	453
976	453
352	454
356	454
551	454
552	454
574	454
972	454
976	454
352	455
357	455
552	455
553	455
573	455
574	455
972	455
976	455
352	456
357	456
553	456
572	456
573	456
972	456
977	456
352	457
357	457
554	457
571	457
572	457
972	457
977	457
352	458
357	458
554	458
555	458
568	458
569	458
570	458
972	458
977	458
352	459
356	459
555	459
556	459
564	459
565	459
566	459
567	459
972	459
977	459
351	460
352	460
356	460
557	460
558	460
559	460
560	460
561	460
562	460
563	460
973	460
977	460
350	461
351	461
356	461
973	461
977	461
350	462
353	462
356	462
973	462
977	462
349	463
350	463
352	463
353	463
354	463
356	463
973	463
977	463
348	464
349	464
352	464
356	464
973	464
978	464
347	465
348	465
351	465
352	465
973	465
978	465
346	466
347	466
350	466
351	466
973	466
978	466
345	467
346	467
350	467
973	467
978	467
345	468
349	468
350	468
973	468
978	468
344	469
345	469
348	469
349	469
973	469
978	469
343	470
344	470
348	470
973	470
978	470
343	471
347	471
348	471
973	471
978	471
342	472
343	472
347	472
973	472
978	472
342	473
346	473
347	473
377	473
378	473
379	473
380	473
381	473
382	473
383	473
384	473
385	473
386	473
387	473
388	473
389	473
390	473
391	473
392	473
393	473
394	473
395	473
396	473
397	473
398	473
399	473
973	473
978	473
342	474
346	474
371	474
372	474
373	474
374	474
375	474
376	474
400	474
401	474
402	474
403	474
973	474
978	474
341	475
345	475
367	475
368	475
369	475
370	475
378	475
379	475
380	475
381	475
382	475
383	475
384	475
385	475
386	475
387	475
388	475
389	475
390	475
391	475
392	475
393	475
394	475
395	475
396	475
397	475
398	475
404	475
405	475
406	475
407	475
973	475
978	475
341	476
345	476
364	476
365	476
366	476
371	476
372	476
373	476
374	476
375	476
376	476
377	476
399	476
400	476
401	476
402	476
408	476
409	476
973	476
978	476
340	477
345	477
362	477
363	477
364	477
367	477
368	477
369	477
370	477
403	477
404	477
405	477
406	477
410	477
411	477
412	477
464	477
465	477
466	477
467	477
468	477
469	477
470	477
471	477
472	477
473	477
474	477
475	477
476	477
477	477
478	477
479	477
480	477
481	477
482	477
483	477
484	477
485	477
486	477
487	477
488	477
973	477
978	477
340	478
344	478
361	478
366	478
406	478
407	478
408	478
412	478
413	478
464	478
488	478
973	478
978	478
340	479
344	479
360	479
365	479
409	479
410	479
414	479
415	479
463	479
466	479
467	479
468	479
469	479
470	479
471	479
472	479
473	479
474	479
475	479
476	479
477	479
478	479
479	479
480	479
481	479
482	479
483	479
484	479
485	479
489	479
973	479
978	479
339	480
344	480
360	480
363	480
364	480
365	480
411	480
412	480
416	480
417	480
463	480
465	480
466	480
486	480
489	480
973	480
978	480
339	481
344	481
358	481
359	481
362	481
363	481
412	481
413	481
414	481
417	481
418	481
463	481
465	481
486	481
489	481
572	481
573	481
574	481
575	481
576	481
577	481
578	481
579	481
580	481
581	481
582	481
583	481
584	481
585	481
586	481
587	481
588	481
589	481
590	481
591	481
592	481
593	481
594	481
595	481
596	481
973	481
978	481
339	482
343	482
357	482
361	482
362	482
414	482
415	482
418	482
419	482
463	482
465	482
486	482
489	482
566	482
567	482
568	482
569	482
570	482
571	482
597	482
598	482
599	482
600	482
601	482
602	482
973	482
978	482
339	483
343	483
356	483
359	483
360	483
413	483
415	483
416	483
419	483
463	483
466	483
486	483
489	483
563	483
564	483
565	483
572	483
573	483
574	483
575	483
576	483
577	483
578	483
579	483
580	483
581	483
582	483
583	483
584	483
585	483
586	483
587	483
588	483
589	483
590	483
591	483
592	483
593	483
594	483
603	483
604	483
605	483
606	483
973	483
978	483
339	484
343	484
355	484
356	484
358	484
359	484
416	484
417	484
420	484
463	484
466	484
467	484
486	484
489	484
560	484
561	484
566	484
567	484
568	484
569	484
570	484
595	484
596	484
597	484
598	484
599	484
600	484
607	484
608	484
609	484
610	484
973	484
978	484
338	485
343	485
355	485
358	485
417	485
418	485
420	485
421	485
463	485
467	485
468	485
485	485
486	485
489	485
557	485
558	485
562	485
563	485
564	485
565	485
601	485
602	485
603	485
604	485
605	485
611	485
612	485
613	485
973	485
978	485
338	486
343	486
355	486
357	486
418	486
421	486
422	486
463	486
464	486
468	486
469	486
485	486
489	486
555	486
556	486
560	486
561	486
606	486
607	486
608	486
614	486
615	486
616	486
973	486
977	486
338	487
342	487
354	487
357	487
419	487
422	487
464	487
465	487
469	487
470	487
483	487
484	487
485	487
488	487
489	487
554	487
555	487
558	487
559	487
609	487
610	487
611	487
616	487
617	487
618	487
973	487
977	487
338	488
342	488
354	488
356	488
419	488
420	488
423	488
465	488
466	488
471	488
472	488
482	488
483	488
488	488
553	488
557	488
612	488
613	488
614	488
618	488
619	488
620	488
973	488
977	488
338	489
342	489
354	489
356	489
420	489
421	489
423	489
466	489
467	489
473	489
474	489
480	489
481	489
482	489
487	489
488	489
552	489
555	489
556	489
615	489
616	489
620	489
621	489
622	489
972	489
977	489
338	490
342	490
354	490
357	490
421	490
423	490
467	490
468	490
474	490
475	490
476	490
479	490
480	490
486	490
487	490
551	490
554	490
555	490
617	490
618	490
622	490
623	490
972	490
977	490
338	491
342	491
354	491
357	491
421	491
423	491
468	491
469	491
477	491
478	491
485	491
486	491
550	491
553	491
554	491
619	491
620	491
623	491
624	491
972	491
977	491
338	492
342	492
354	492
357	492
421	492
423	492
470	492
471	492
472	492
483	492
484	492
485	492
550	492
552	492
553	492
620	492
621	492
624	492
625	492
972	492
977	492
337	493
342	493
354	493
357	493
421	493
424	493
472	493
473	493
483	493
549	493
552	493
622	493
625	493
626	493
972	493
977	493
337	494
342	494
354	494
357	494
421	494
424	494
473	494
474	494
482	494
549	494
551	494
622	494
623	494
626	494
627	494
972	494
977	494
337	495
342	495
355	495
358	495
421	495
423	495
474	495
475	495
480	495
481	495
482	495
548	495
551	495
623	495
624	495
627	495
972	495
976	495
337	496
342	496
355	496
358	496
359	496
420	496
421	496
423	496
475	496
476	496
477	496
478	496
479	496
548	496
550	496
624	496
625	496
628	496
971	496
976	496
337	497
342	497
355	497
356	497
359	497
419	497
420	497
423	497
478	497
548	497
550	497
625	497
626	497
628	497
971	497
976	497
337	498
342	498
356	498
359	498
360	498
361	498
418	498
419	498
422	498
475	498
476	498
477	498
478	498
479	498
548	498
550	498
626	498
629	498
971	498
976	498
337	499
342	499
356	499
357	499
361	499
362	499
417	499
418	499
421	499
422	499
454	499
455	499
456	499
475	499
479	499
548	499
550	499
626	499
629	499
971	499
976	499
338	500
342	500
357	500
358	500
362	500
363	500
364	500
365	500
416	500
417	500
420	500
421	500
454	500
456	500
475	500
479	500
548	500
550	500
627	500
629	500
971	500
975	500
338	501
342	501
358	501
359	501
365	501
366	501
415	501
416	501
419	501
420	501
454	501
457	501
474	501
475	501
479	501
480	501
548	501
550	501
627	501
629	501
970	501
975	501
338	502
342	502
359	502
360	502
361	502
367	502
368	502
369	502
413	502
414	502
418	502
419	502
454	502
455	502
458	502
459	502
460	502
473	502
474	502
480	502
481	502
508	502
509	502
548	502
550	502
627	502
629	502
970	502
975	502
338	503
342	503
361	503
362	503
363	503
370	503
371	503
410	503
411	503
412	503
416	503
417	503
455	503
456	503
461	503
462	503
463	503
464	503
465	503
472	503
473	503
481	503
482	503
483	503
506	503
507	503
509	503
548	503
550	503
627	503
630	503
970	503
975	503
338	504
342	504
364	504
365	504
372	504
373	504
374	504
406	504
407	504
408	504
409	504
414	504
415	504
416	504
456	504
457	504
466	504
467	504
468	504
469	504
470	504
471	504
472	504
476	504
477	504
478	504
479	504
483	504
484	504
485	504
504	504
505	504
506	504
509	504
548	504
550	504
627	504
630	504
970	504
974	504
338	505
343	505
365	505
366	505
367	505
375	505
376	505
377	505
378	505
403	505
404	505
405	505
412	505
413	505
457	505
458	505
476	505
479	505
480	505
485	505
486	505
502	505
503	505
504	505
509	505
548	505
551	505
627	505
630	505
969	505
974	505
338	506
343	506
368	506
369	506
370	506
379	506
380	506
381	506
382	506
383	506
384	506
385	506
398	506
399	506
400	506
401	506
402	506
409	506
410	506
411	506
459	506
460	506
461	506
474	506
475	506
476	506
480	506
481	506
487	506
488	506
489	506
490	506
491	506
492	506
493	506
494	506
495	506
496	506
497	506
498	506
499	506
500	506
501	506
502	506
509	506
548	506
551	506
627	506
630	506
969	506
974	506
338	507
343	507
370	507
371	507
372	507
373	507
386	507
387	507
388	507
389	507
390	507
391	507
392	507
393	507
394	507
395	507
396	507
397	507
406	507
407	507
408	507
462	507
463	507
464	507
465	507
466	507
473	507
474	507
481	507
482	507
508	507
509	507
549	507
551	507
552	507
627	507
630	507
969	507
973	507
339	508
343	508
374	508
375	508
376	508
377	508
378	508
401	508
402	508
403	508
404	508
405	508
467	508
468	508
469	508
470	508
471	508
472	508
482	508
483	508
484	508
506	508
507	508
508	508
549	508
552	508
553	508
627	508
629	508
968	508
973	508
339	509
344	509
379	509
380	509
381	509
382	509
383	509
384	509
385	509
386	509
387	509
388	509
389	509
390	509
391	509
392	509
393	509
394	509
395	509
396	509
397	509
398	509
399	509
400	509
484	509
485	509
486	509
504	509
505	509
506	509
549	509
550	509
553	509
554	509
626	509
629	509
968	509
973	509
339	510
344	510
486	510
487	510
488	510
489	510
490	510
501	510
502	510
503	510
504	510
550	510
551	510
554	510
555	510
625	510
626	510
628	510
629	510
968	510
973	510
339	511
344	511
491	511
492	511
493	511
494	511
495	511
496	511
497	511
498	511
499	511
500	511
551	511
552	511
555	511
556	511
624	511
625	511
628	511
968	511
972	511
340	512
344	512
552	512
553	512
556	512
557	512
558	512
623	512
624	512
627	512
628	512
967	512
972	512
340	513
345	513
553	513
554	513
558	513
559	513
622	513
623	513
626	513
627	513
967	513
972	513
340	514
345	514
554	514
555	514
556	514
560	514
561	514
562	514
563	514
621	514
622	514
625	514
626	514
967	514
971	514
340	515
345	515
556	515
557	515
558	515
564	515
565	515
566	515
567	515
568	515
620	515
621	515
624	515
625	515
966	515
971	515
341	516
346	516
558	516
559	516
560	516
569	516
570	516
571	516
572	516
573	516
617	516
618	516
619	516
623	516
624	516
966	516
971	516
341	517
346	517
561	517
562	517
563	517
564	517
574	517
575	517
576	517
577	517
578	517
579	517
613	517
614	517
615	517
616	517
622	517
623	517
966	517
970	517
341	518
346	518
565	518
566	518
567	518
568	518
569	518
580	518
581	518
582	518
583	518
584	518
585	518
586	518
587	518
602	518
603	518
604	518
605	518
606	518
607	518
608	518
609	518
610	518
611	518
612	518
620	518
621	518
622	518
965	518
970	518
342	519
346	519
347	519
570	519
571	519
572	519
573	519
574	519
588	519
589	519
590	519
591	519
592	519
593	519
594	519
595	519
596	519
597	519
598	519
599	519
600	519
601	519
617	519
618	519
619	519
965	519
969	519
342	520
347	520
575	520
576	520
577	520
578	520
579	520
580	520
581	520
613	520
614	520
615	520
616	520
964	520
969	520
343	521
348	521
582	521
583	521
584	521
585	521
586	521
587	521
588	521
589	521
599	521
600	521
601	521
602	521
603	521
604	521
605	521
606	521
607	521
608	521
609	521
610	521
611	521
612	521
964	521
969	521
343	522
348	522
590	522
591	522
592	522
593	522
594	522
595	522
596	522
597	522
598	522
963	522
964	522
968	522
343	523
348	523
349	523
963	523
968	523
344	524
349	524
963	524
968	524
344	525
349	525
673	525
674	525
675	525
962	525
967	525
344	526
345	526
349	526
350	526
672	526
673	526
675	526
962	526
967	526
345	527
350	527
351	527
671	527
672	527
675	527
961	527
966	527
345	528
346	528
351	528
669	528
670	528
674	528
961	528
966	528
346	529
351	529
352	529
668	529
669	529
672	529
673	529
961	529
965	529
346	530
347	530
352	530
353	530
666	530
667	530
671	530
672	530
960	530
965	530
347	531
348	531
353	531
664	531
665	531
666	531
669	531
670	531
959	531
960	531
964	531
348	532
353	532
354	532
663	532
664	532
668	532
669	532
959	532
965	532
966	532
967	532
968	532
348	533
349	533
354	533
663	533
668	533
959	533
965	533
970	533
349	534
354	534
355	534
661	534
662	534
663	534
667	534
668	534
958	534
966	534
967	534
968	534
969	534
970	534
971	534
972	534
973	534
974	534
349	535
350	535
355	535
356	535
660	535
661	535
666	535
667	535
958	535
975	535
976	535
977	535
978	535
350	536
356	536
357	536
658	536
659	536
660	536
665	536
666	536
957	536
962	536
963	536
964	536
965	536
966	536
967	536
979	536
980	536
981	536
350	537
351	537
357	537
358	537
656	537
657	537
658	537
663	537
664	537
665	537
957	537
962	537
968	537
969	537
970	537
971	537
982	537
983	537
984	537
985	537
986	537
351	538
352	538
358	538
359	538
654	538
655	538
656	538
662	538
663	538
956	538
957	538
961	538
962	538
972	538
973	538
974	538
987	538
988	538
989	538
352	539
353	539
359	539
360	539
653	539
654	539
660	539
661	539
662	539
956	539
961	539
975	539
976	539
977	539
978	539
990	539
991	539
353	540
354	540
360	540
361	540
651	540
652	540
653	540
659	540
660	540
955	540
956	540
960	540
961	540
979	540
980	540
981	540
992	540
993	540
994	540
354	541
355	541
361	541
362	541
363	541
649	541
650	541
651	541
658	541
659	541
954	541
955	541
959	541
960	541
982	541
983	541
984	541
994	541
995	541
996	541
355	542
356	542
363	542
364	542
648	542
649	542
656	542
657	542
658	542
954	542
958	542
959	542
985	542
986	542
996	542
997	542
998	542
356	543
357	543
364	543
365	543
366	543
646	543
647	543
648	543
655	543
656	543
954	543
956	543
957	543
987	543
988	543
989	543
998	543
999	543
357	544
358	544
366	544
367	544
368	544
645	544
646	544
653	544
654	544
655	544
955	544
990	544
991	544
992	544
999	544
1000	544
358	545
368	545
369	545
643	545
644	545
645	545
652	545
653	545
992	545
993	545
1000	545
1001	545
356	546
357	546
358	546
370	546
371	546
372	546
641	546
642	546
643	546
650	546
651	546
652	546
993	546
994	546
995	546
1001	546
1002	546
355	547
356	547
361	547
362	547
363	547
364	547
372	547
373	547
374	547
640	547
641	547
648	547
649	547
650	547
995	547
996	547
1002	547
1003	547
354	548
355	548
359	548
360	548
361	548
364	548
365	548
366	548
374	548
375	548
639	548
640	548
647	548
648	548
996	548
997	548
998	548
1003	548
1004	548
352	549
353	549
354	549
358	549
359	549
366	549
367	549
376	549
377	549
637	549
638	549
639	549
645	549
646	549
647	549
998	549
999	549
1004	549
351	550
352	550
357	550
358	550
367	550
368	550
369	550
378	550
379	550
636	550
637	550
644	550
645	550
999	550
1000	550
1004	550
350	551
351	551
356	551
357	551
369	551
370	551
371	551
379	551
380	551
381	551
382	551
635	551
636	551
642	551
643	551
644	551
1000	551
1005	551
349	552
350	552
355	552
356	552
371	552
372	552
373	552
382	552
383	552
634	552
635	552
641	552
642	552
1000	552
1005	552
348	553
349	553
354	553
355	553
374	553
375	553
384	553
385	553
386	553
634	553
640	553
641	553
1001	553
1005	553
347	554
348	554
353	554
354	554
375	554
376	554
377	554
386	554
387	554
388	554
632	554
633	554
639	554
640	554
1001	554
1006	554
347	555
352	555
353	555
377	555
378	555
379	555
388	555
389	555
390	555
631	555
632	555
637	555
638	555
639	555
1001	555
1006	555
346	556
347	556
351	556
352	556
379	556
380	556
390	556
391	556
630	556
631	556
636	556
637	556
1002	556
1006	556
345	557
346	557
350	557
351	557
381	557
382	557
383	557
384	557
391	557
392	557
393	557
394	557
628	557
629	557
630	557
633	557
635	557
636	557
1002	557
1006	557
344	558
345	558
350	558
385	558
386	558
395	558
396	558
397	558
627	558
632	558
634	558
635	558
1002	558
1006	558
344	559
349	559
386	559
387	559
397	559
398	559
626	559
634	559
1002	559
1006	559
344	560
349	560
387	560
388	560
389	560
398	560
399	560
400	560
625	560
626	560
632	560
633	560
1002	560
1006	560
343	561
348	561
349	561
390	561
391	561
401	561
402	561
624	561
625	561
631	561
632	561
1002	561
1006	561
343	562
348	562
391	562
392	562
393	562
403	562
404	562
623	562
624	562
629	562
630	562
631	562
1002	562
1006	562
342	563
343	563
348	563
393	563
394	563
395	563
405	563
406	563
407	563
622	563
623	563
628	563
629	563
1001	563
1002	563
1006	563
342	564
347	564
395	564
396	564
397	564
408	564
409	564
410	564
621	564
622	564
627	564
628	564
1000	564
1001	564
1006	564
342	565
346	565
347	565
398	565
399	565
400	565
411	565
412	565
413	565
620	565
621	565
626	565
627	565
904	565
905	565
906	565
907	565
908	565
909	565
999	565
1000	565
1005	565
341	566
346	566
401	566
402	566
414	566
415	566
416	566
619	566
620	566
625	566
626	566
727	566
728	566
729	566
730	566
902	566
903	566
909	566
997	566
998	566
999	566
1004	566
1005	566
341	567
346	567
402	567
403	567
404	567
405	567
417	567
418	567
419	567
420	567
618	567
619	567
624	567
625	567
726	567
727	567
730	567
731	567
732	567
899	567
900	567
901	567
908	567
909	567
995	567
996	567
997	567
1004	567
341	568
346	568
405	568
406	568
407	568
421	568
422	568
423	568
618	568
623	568
624	568
725	568
726	568
732	568
733	568
734	568
894	568
895	568
896	568
897	568
898	568
907	568
908	568
994	568
995	568
1003	568
1004	568
341	569
346	569
408	569
409	569
410	569
424	569
425	569
426	569
427	569
428	569
617	569
618	569
623	569
722	569
723	569
724	569
735	569
736	569
737	569
888	569
889	569
890	569
891	569
892	569
893	569
906	569
907	569
990	569
991	569
992	569
993	569
1001	569
1002	569
1003	569
341	570
345	570
411	570
412	570
413	570
429	570
430	570
431	570
432	570
616	570
617	570
622	570
623	570
721	570
722	570
730	570
738	570
739	570
740	570
741	570
880	570
881	570
882	570
883	570
884	570
885	570
886	570
887	570
906	570
986	570
987	570
988	570
989	570
1000	570
1001	570
341	571
345	571
414	571
415	571
416	571
417	571
418	571
419	571
420	571
421	571
422	571
423	571
433	571
434	571
435	571
436	571
437	571
438	571
439	571
440	571
441	571
442	571
443	571
616	571
621	571
622	571
719	571
720	571
721	571
728	571
729	571
730	571
731	571
742	571
743	571
744	571
745	571
746	571
747	571
748	571
749	571
750	571
751	571
752	571
753	571
754	571
755	571
756	571
757	571
758	571
759	571
860	571
861	571
862	571
863	571
864	571
865	571
866	571
867	571
868	571
869	571
870	571
871	571
872	571
873	571
874	571
875	571
876	571
877	571
878	571
879	571
896	571
897	571
898	571
899	571
906	571
907	571
908	571
909	571
910	571
911	571
912	571
913	571
914	571
915	571
916	571
972	571
973	571
974	571
975	571
976	571
977	571
978	571
979	571
980	571
981	571
982	571
983	571
984	571
985	571
998	571
999	571
1000	571
341	572
345	572
417	572
418	572
616	572
621	572
719	572
727	572
728	572
731	572
732	572
910	572
979	572
997	572
998	572
341	573
345	573
418	573
419	573
439	573
615	573
616	573
621	573
718	573
719	573
726	573
727	573
732	573
733	573
898	573
900	573
910	573
979	573
996	573
997	573
341	574
346	574
416	574
420	574
421	574
436	574
437	574
440	574
441	574
442	574
443	574
444	574
445	574
446	574
447	574
448	574
607	574
608	574
609	574
610	574
611	574
612	574
613	574
614	574
615	574
621	574
717	574
718	574
725	574
726	574
733	574
734	574
735	574
745	574
746	574
747	574
748	574
749	574
750	574
751	574
752	574
753	574
754	574
755	574
756	574
757	574
758	574
759	574
760	574
761	574
762	574
763	574
764	574
765	574
766	574
767	574
768	574
769	574
770	574
851	574
852	574
853	574
854	574
855	574
856	574
857	574
858	574
859	574
860	574
861	574
862	574
863	574
864	574
865	574
866	574
867	574
868	574
869	574
870	574
871	574
872	574
873	574
874	574
875	574
876	574
893	574
894	574
895	574
896	574
897	574
899	574
900	574
901	574
906	574
907	574
908	574
909	574
911	574
912	574
913	574
914	574
915	574
916	574
917	574
918	574
919	574
920	574
921	574
922	574
923	574
924	574
925	574
926	574
927	574
965	574
966	574
967	574
968	574
969	574
970	574
971	574
972	574
973	574
974	574
975	574
976	574
977	574
978	574
979	574
980	574
981	574
982	574
983	574
993	574
994	574
995	574
996	574
341	575
346	575
421	575
449	575
450	575
451	575
452	575
453	575
603	575
604	575
605	575
606	575
620	575
714	575
715	575
716	575
723	575
724	575
725	575
736	575
737	575
738	575
771	575
772	575
773	575
774	575
775	575
776	575
777	575
778	575
779	575
780	575
781	575
782	575
783	575
832	575
833	575
834	575
835	575
836	575
837	575
838	575
839	575
840	575
841	575
842	575
843	575
844	575
845	575
846	575
847	575
848	575
849	575
850	575
885	575
886	575
887	575
888	575
889	575
890	575
891	575
892	575
901	575
902	575
903	575
928	575
929	575
930	575
931	575
932	575
933	575
934	575
935	575
936	575
937	575
938	575
939	575
940	575
941	575
942	575
943	575
944	575
945	575
946	575
947	575
948	575
949	575
950	575
951	575
952	575
953	575
954	575
955	575
956	575
957	575
958	575
959	575
960	575
961	575
962	575
963	575
964	575
989	575
990	575
991	575
992	575
341	576
346	576
418	576
419	576
420	576
429	576
430	576
431	576
432	576
433	576
454	576
455	576
456	576
457	576
458	576
598	576
599	576
600	576
601	576
602	576
612	576
613	576
614	576
615	576
620	576
713	576
714	576
722	576
723	576
739	576
740	576
741	576
742	576
743	576
784	576
785	576
786	576
787	576
788	576
789	576
790	576
791	576
792	576
793	576
794	576
795	576
796	576
797	576
798	576
799	576
800	576
801	576
802	576
803	576
804	576
805	576
806	576
807	576
808	576
809	576
810	576
811	576
812	576
813	576
814	576
815	576
816	576
817	576
818	576
819	576
820	576
821	576
822	576
823	576
824	576
825	576
826	576
827	576
828	576
829	576
830	576
831	576
877	576
878	576
879	576
880	576
881	576
882	576
883	576
884	576
904	576
905	576
985	576
986	576
987	576
988	576
341	577
346	577
347	577
416	577
417	577
418	577
427	577
428	577
429	577
434	577
435	577
436	577
437	577
438	577
459	577
460	577
461	577
462	577
463	577
464	577
465	577
466	577
591	577
592	577
593	577
594	577
595	577
596	577
597	577
611	577
612	577
615	577
620	577
710	577
711	577
712	577
720	577
721	577
722	577
744	577
745	577
746	577
747	577
748	577
749	577
750	577
869	577
870	577
871	577
872	577
873	577
874	577
875	577
876	577
906	577
907	577
908	577
909	577
910	577
980	577
981	577
982	577
983	577
984	577
342	578
347	578
348	578
415	578
416	578
425	578
426	578
427	578
439	578
440	578
441	578
442	578
443	578
467	578
468	578
469	578
470	578
471	578
472	578
473	578
576	578
577	578
578	578
579	578
580	578
581	578
582	578
583	578
584	578
585	578
586	578
587	578
588	578
589	578
590	578
609	578
610	578
611	578
614	578
619	578
708	578
709	578
710	578
718	578
719	578
720	578
751	578
752	578
753	578
754	578
755	578
756	578
757	578
758	578
759	578
760	578
761	578
860	578
861	578
862	578
863	578
864	578
865	578
866	578
867	578
868	578
911	578
912	578
913	578
914	578
915	578
916	578
973	578
974	578
975	578
976	578
977	578
978	578
979	578
342	579
343	579
348	579
349	579
412	579
413	579
414	579
423	579
424	579
425	579
444	579
445	579
446	579
447	579
448	579
449	579
474	579
475	579
476	579
477	579
478	579
479	579
480	579
481	579
482	579
483	579
484	579
550	579
551	579
552	579
553	579
554	579
555	579
556	579
557	579
558	579
559	579
560	579
561	579
562	579
563	579
564	579
565	579
566	579
567	579
568	579
569	579
570	579
571	579
572	579
573	579
574	579
575	579
606	579
607	579
608	579
614	579
619	579
705	579
706	579
707	579
717	579
718	579
762	579
763	579
764	579
765	579
766	579
767	579
768	579
769	579
770	579
771	579
772	579
773	579
774	579
844	579
845	579
846	579
847	579
848	579
849	579
850	579
851	579
852	579
853	579
854	579
855	579
856	579
857	579
858	579
859	579
917	579
918	579
919	579
920	579
921	579
922	579
923	579
924	579
925	579
926	579
927	579
928	579
929	579
930	579
931	579
932	579
933	579
934	579
949	579
950	579
951	579
952	579
953	579
954	579
955	579
956	579
957	579
958	579
959	579
960	579
961	579
962	579
963	579
964	579
965	579
966	579
967	579
968	579
969	579
970	579
971	579
972	579
343	580
349	580
350	580
410	580
411	580
421	580
422	580
450	580
451	580
452	580
453	580
454	580
455	580
485	580
486	580
487	580
488	580
489	580
490	580
491	580
492	580
493	580
494	580
495	580
496	580
497	580
498	580
499	580
500	580
501	580
502	580
503	580
504	580
505	580
506	580
507	580
508	580
509	580
510	580
511	580
512	580
513	580
514	580
515	580
516	580
517	580
518	580
519	580
520	580
521	580
522	580
523	580
524	580
525	580
526	580
527	580
528	580
529	580
530	580
531	580
532	580
533	580
534	580
535	580
536	580
537	580
538	580
539	580
540	580
541	580
542	580
543	580
544	580
545	580
546	580
547	580
548	580
549	580
602	580
603	580
604	580
605	580
614	580
619	580
703	580
704	580
715	580
716	580
717	580
775	580
776	580
777	580
778	580
779	580
780	580
781	580
782	580
783	580
784	580
785	580
786	580
787	580
788	580
789	580
790	580
791	580
792	580
793	580
794	580
795	580
796	580
797	580
798	580
799	580
800	580
801	580
802	580
803	580
804	580
805	580
806	580
807	580
808	580
809	580
810	580
811	580
812	580
813	580
814	580
815	580
816	580
817	580
818	580
819	580
820	580
821	580
822	580
823	580
824	580
825	580
826	580
827	580
828	580
829	580
830	580
831	580
832	580
833	580
834	580
835	580
836	580
837	580
838	580
839	580
840	580
841	580
842	580
843	580
935	580
936	580
937	580
938	580
939	580
940	580
941	580
942	580
943	580
944	580
945	580
946	580
947	580
948	580
343	581
344	581
350	581
351	581
407	581
408	581
409	581
418	581
419	581
420	581
421	581
456	581
457	581
458	581
459	581
460	581
461	581
462	581
596	581
597	581
598	581
599	581
600	581
601	581
614	581
619	581
700	581
701	581
702	581
713	581
714	581
344	582
345	582
351	582
352	582
353	582
405	582
406	582
417	582
418	582
463	582
464	582
465	582
466	582
467	582
468	582
469	582
587	582
588	582
589	582
590	582
591	582
592	582
593	582
594	582
595	582
614	582
618	582
697	582
698	582
699	582
710	582
711	582
712	582
345	583
346	583
353	583
354	583
355	583
402	583
403	583
404	583
414	583
415	583
416	583
470	583
471	583
472	583
473	583
474	583
475	583
476	583
477	583
478	583
567	583
568	583
569	583
570	583
571	583
572	583
573	583
574	583
575	583
576	583
577	583
578	583
579	583
580	583
581	583
582	583
583	583
584	583
585	583
586	583
614	583
618	583
694	583
695	583
696	583
708	583
709	583
346	584
347	584
355	584
356	584
357	584
398	584
399	584
400	584
401	584
412	584
413	584
414	584
479	584
480	584
481	584
482	584
483	584
484	584
485	584
486	584
487	584
488	584
489	584
490	584
491	584
492	584
543	584
544	584
545	584
546	584
547	584
548	584
549	584
550	584
551	584
552	584
553	584
554	584
555	584
556	584
557	584
558	584
559	584
560	584
561	584
562	584
563	584
564	584
565	584
566	584
614	584
618	584
691	584
692	584
693	584
705	584
706	584
707	584
347	585
348	585
349	585
358	585
359	585
360	585
361	585
394	585
395	585
396	585
397	585
410	585
411	585
493	585
494	585
495	585
496	585
497	585
498	585
499	585
500	585
501	585
502	585
503	585
504	585
505	585
506	585
507	585
508	585
509	585
510	585
511	585
512	585
513	585
514	585
515	585
516	585
517	585
518	585
519	585
520	585
521	585
522	585
523	585
524	585
525	585
526	585
527	585
528	585
529	585
530	585
531	585
532	585
533	585
534	585
535	585
536	585
537	585
538	585
539	585
540	585
541	585
542	585
614	585
619	585
688	585
689	585
690	585
702	585
703	585
704	585
349	586
350	586
362	586
363	586
364	586
365	586
366	586
388	586
389	586
390	586
391	586
392	586
393	586
407	586
408	586
409	586
614	586
619	586
686	586
687	586
699	586
700	586
701	586
350	587
351	587
352	587
367	587
368	587
369	587
370	587
371	587
372	587
373	587
374	587
375	587
376	587
377	587
378	587
379	587
380	587
381	587
382	587
383	587
384	587
385	587
386	587
387	587
404	587
405	587
406	587
614	587
619	587
620	587
683	587
684	587
685	587
697	587
698	587
352	588
353	588
354	588
355	588
402	588
403	588
614	588
615	588
620	588
621	588
679	588
680	588
681	588
682	588
694	588
695	588
696	588
356	589
357	589
358	589
359	589
397	589
398	589
399	589
400	589
401	589
615	589
616	589
621	589
622	589
623	589
671	589
672	589
673	589
674	589
675	589
676	589
677	589
678	589
691	589
692	589
693	589
360	590
361	590
362	590
363	590
392	590
393	590
394	590
395	590
396	590
616	590
623	590
624	590
665	590
666	590
667	590
668	590
669	590
670	590
688	590
689	590
690	590
364	591
365	591
366	591
367	591
368	591
369	591
385	591
386	591
387	591
388	591
389	591
390	591
391	591
616	591
617	591
625	591
626	591
627	591
660	591
661	591
662	591
663	591
664	591
686	591
687	591
370	592
371	592
372	592
373	592
374	592
375	592
376	592
377	592
378	592
379	592
380	592
381	592
382	592
383	592
384	592
617	592
618	592
619	592
628	592
629	592
630	592
655	592
656	592
657	592
658	592
659	592
682	592
683	592
684	592
685	592
619	593
620	593
621	593
631	593
632	593
633	593
634	593
635	593
636	593
637	593
649	593
650	593
651	593
652	593
653	593
654	593
676	593
677	593
678	593
679	593
680	593
681	593
621	594
622	594
638	594
639	594
640	594
641	594
642	594
643	594
644	594
645	594
646	594
647	594
648	594
670	594
671	594
672	594
673	594
674	594
675	594
622	595
623	595
624	595
625	595
663	595
664	595
665	595
666	595
667	595
668	595
669	595
625	596
626	596
627	596
659	596
660	596
661	596
662	596
628	597
629	597
630	597
631	597
632	597
653	597
654	597
655	597
656	597
657	597
658	597
633	598
634	598
635	598
636	598
637	598
638	598
639	598
640	598
641	598
642	598
643	598
644	598
645	598
646	598
647	598
648	598
649	598
650	598
651	598
652	598
