74	0
76	0
79	0
145	0
147	0
163	0
73	1
76	1
79	1
145	1
147	1
163	1
73	2
75	2
78	2
145	2
147	2
163	2
72	3
75	3
77	3
144	3
146	3
162	3
71	4
72	4
74	4
77	4
143	4
144	4
146	4
162	4
71	5
74	5
76	5
77	5
143	5
145	5
162	5
71	6
73	6
76	6
143	6
145	6
161	6
162	6
73	7
76	7
143	7
145	7
161	7
73	8
75	8
76	8
142	8
144	8
161	8
73	9
75	9
141	9
142	9
144	9
160	9
161	9
72	10
75	10
141	10
144	10
160	10
71	11
74	11
141	11
143	11
160	11
71	12
73	12
74	12
140	12
143	12
160	12
71	13
73	13
140	13
142	13
70	14
72	14
73	14
139	14
140	14
142	14
70	15
72	15
139	15
142	15
72	16
139	16
141	16
72	17
138	17
139	17
141	17
71	18
138	18
141	18
71	19
138	19
140	19
71	20
138	20
140	20
70	21
137	21
138	21
70	22
73	22
74	22
136	22
137	22
70	23
73	23
136	23
138	23
69	24
73	24
136	24
138	24
69	25
72	25
136	25
138	25
68	26
72	26
135	26
68	27
71	27
72	27
135	27
137	27
17	28
18	28
19	28
67	28
71	28
134	28
135	28
137	28
16	29
19	29
67	29
134	29
136	29
16	30
17	30
18	30
19	30
67	30
134	30
136	30
15	31
17	31
18	31
66	31
67	31
136	31
15	32
17	32
66	32
133	32
134	32
16	33
17	33
133	33
135	33
16	34
133	34
135	34
15	35
29	35
132	35
135	35
15	36
28	36
29	36
131	36
132	36
134	36
135	36
14	37
28	37
31	37
131	37
134	37
27	38
31	38
131	38
133	38
27	39
30	39
131	39
133	39
26	40
29	40
30	40
130	40
133	40
26	41
29	41
130	41
133	41
25	42
28	42
29	42
130	42
133	42
24	43
25	43
28	43
74	43
129	43
132	43
24	44
27	44
28	44
74	44
128	44
129	44
132	44
24	45
27	45
73	45
76	45
128	45
132	45
23	46
26	46
27	46
73	46
76	46
128	46
131	46
132	46
23	47
26	47
73	47
74	47
75	47
76	47
128	47
130	47
131	47
22	48
25	48
73	48
127	48
130	48
22	49
25	49
72	49
73	49
74	49
127	49
129	49
151	49
152	49
153	49
21	50
22	50
24	50
56	50
72	50
74	50
127	50
129	50
151	50
153	50
21	51
24	51
30	51
31	51
34	51
56	51
71	51
74	51
126	51
127	51
129	51
151	51
153	51
20	52
21	52
23	52
31	52
34	52
55	52
71	52
74	52
126	52
130	52
150	52
153	52
20	53
23	53
29	53
30	53
31	53
33	53
55	53
71	53
74	53
126	53
128	53
130	53
150	53
152	53
20	54
22	54
23	54
28	54
29	54
33	54
54	54
71	54
73	54
125	54
126	54
128	54
130	54
152	54
19	55
22	55
28	55
32	55
33	55
54	55
56	55
70	55
73	55
125	55
127	55
151	55
12	56
18	56
19	56
21	56
28	56
32	56
51	56
54	56
56	56
70	56
72	56
73	56
75	56
125	56
127	56
151	56
12	57
18	57
21	57
27	57
28	57
31	57
32	57
51	57
53	57
55	57
70	57
72	57
74	57
125	57
127	57
11	58
18	58
21	58
27	58
31	58
33	58
51	58
53	58
55	58
63	58
69	58
72	58
74	58
124	58
127	58
10	59
11	59
17	59
20	59
21	59
26	59
31	59
33	59
50	59
53	59
55	59
62	59
63	59
69	59
71	59
74	59
124	59
126	59
9	60
10	60
16	60
17	60
20	60
25	60
26	60
30	60
32	60
47	60
50	60
52	60
55	60
62	60
68	60
71	60
73	60
123	60
124	60
126	60
143	60
9	61
16	61
19	61
20	61
25	61
30	61
32	61
46	61
49	61
52	61
62	61
68	61
71	61
73	61
123	61
125	61
143	61
9	62
16	62
19	62
25	62
29	62
30	62
32	62
46	62
49	62
51	62
52	62
62	62
68	62
71	62
123	62
125	62
143	62
145	62
8	63
15	63
18	63
19	63
24	63
29	63
31	63
33	63
45	63
46	63
49	63
51	63
68	63
71	63
123	63
125	63
142	63
143	63
145	63
8	64
15	64
18	64
23	64
24	64
29	64
31	64
33	64
35	64
45	64
49	64
51	64
68	64
70	64
123	64
125	64
142	64
145	64
7	65
8	65
14	65
18	65
23	65
28	65
31	65
34	65
45	65
48	65
51	65
67	65
70	65
122	65
125	65
142	65
144	65
6	66
7	66
14	66
18	66
23	66
25	66
28	66
30	66
34	66
44	66
47	66
48	66
50	66
67	66
70	66
122	66
124	66
142	66
144	66
6	67
13	67
14	67
18	67
22	67
25	67
27	67
28	67
30	67
34	67
44	67
47	67
50	67
67	67
69	67
122	67
124	67
141	67
144	67
5	68
13	68
16	68
17	68
22	68
24	68
27	68
33	68
41	68
44	68
47	68
49	68
66	68
69	68
121	68
124	68
141	68
143	68
12	69
15	69
16	69
21	69
22	69
24	69
27	69
29	69
33	69
40	69
43	69
47	69
49	69
66	69
69	69
121	69
123	69
141	69
143	69
12	70
15	70
21	70
23	70
26	70
27	70
29	70
40	70
42	70
43	70
47	70
49	70
66	70
68	70
69	70
121	70
123	70
141	70
143	70
12	71
15	71
20	71
21	71
23	71
26	71
28	71
40	71
42	71
46	71
48	71
49	71
65	71
66	71
68	71
120	71
123	71
141	71
143	71
11	72
12	72
15	72
20	72
22	72
25	72
39	72
42	72
46	72
48	72
65	72
120	72
123	72
140	72
142	72
10	73
11	73
14	73
15	73
20	73
22	73
25	73
39	73
41	73
45	73
48	73
65	73
120	73
122	73
123	73
140	73
142	73
10	74
13	74
14	74
19	74
22	74
25	74
27	74
39	74
41	74
45	74
47	74
64	74
65	74
119	74
122	74
140	74
142	74
9	75
13	75
19	75
21	75
24	75
25	75
27	75
38	75
41	75
47	75
65	75
119	75
122	75
140	75
142	75
9	76
13	76
18	76
19	76
21	76
24	76
26	76
38	76
40	76
41	76
44	76
47	76
119	76
121	76
139	76
142	76
9	77
12	77
13	77
18	77
20	77
24	77
26	77
37	77
38	77
40	77
44	77
46	77
64	77
118	77
121	77
139	77
141	77
8	78
9	78
12	78
18	78
20	78
23	78
37	78
40	78
44	78
46	78
63	78
64	78
65	78
118	78
121	78
139	78
141	78
7	79
8	79
12	79
17	79
18	79
23	79
37	79
39	79
43	79
46	79
59	79
63	79
66	79
118	79
121	79
141	79
7	80
12	80
16	80
17	80
19	80
22	80
23	80
36	80
39	80
43	80
45	80
59	80
63	80
66	80
117	80
121	80
141	80
7	81
11	81
16	81
19	81
22	81
36	81
38	81
43	81
45	81
58	81
62	81
63	81
66	81
117	81
120	81
141	81
7	82
10	82
11	82
16	82
18	82
22	82
35	82
36	82
38	82
42	82
45	82
58	82
62	82
65	82
117	82
120	82
141	82
6	83
10	83
15	83
17	83
18	83
21	83
35	83
38	83
42	83
44	83
58	83
62	83
65	83
117	83
120	83
6	84
10	84
15	84
17	84
19	84
21	84
35	84
38	84
42	84
44	84
58	84
62	84
65	84
116	84
117	84
119	84
145	84
5	85
6	85
9	85
14	85
17	85
20	85
21	85
35	85
37	85
44	85
57	85
61	85
62	85
116	85
119	85
138	85
140	85
145	85
5	86
9	86
14	86
16	86
17	86
20	86
34	86
37	86
43	86
57	86
61	86
116	86
118	86
119	86
138	86
140	86
145	86
4	87
8	87
9	87
14	87
16	87
19	87
20	87
34	87
36	87
43	87
57	87
61	87
116	87
118	87
138	87
140	87
145	87
4	88
8	88
13	88
16	88
19	88
33	88
34	88
36	88
43	88
56	88
60	88
116	88
118	88
138	88
140	88
144	88
145	88
4	89
8	89
12	89
13	89
15	89
19	89
33	89
36	89
43	89
56	89
60	89
115	89
116	89
118	89
138	89
140	89
142	89
144	89
7	90
8	90
12	90
18	90
19	90
33	90
35	90
36	90
42	90
56	90
60	90
115	90
118	90
138	90
140	90
142	90
144	90
2	91
3	91
4	91
7	91
12	91
14	91
18	91
33	91
35	91
42	91
56	91
59	91
114	91
117	91
118	91
138	91
140	91
142	91
144	91
2	92
4	92
7	92
11	92
14	92
16	92
18	92
32	92
42	92
56	92
59	92
114	92
115	92
117	92
137	92
139	92
141	92
144	92
2	93
4	93
6	93
11	93
13	93
15	93
17	93
18	93
31	93
32	93
34	93
36	93
38	93
42	93
59	93
114	93
117	93
137	93
139	93
141	93
143	93
1	94
6	94
10	94
13	94
17	94
31	94
34	94
36	94
38	94
39	94
41	94
58	94
114	94
117	94
137	94
139	94
141	94
143	94
1	95
6	95
10	95
13	95
16	95
31	95
34	95
37	95
39	95
41	95
58	95
114	95
116	95
117	95
137	95
139	95
141	95
143	95
0	96
1	96
5	96
10	96
12	96
16	96
31	96
32	96
33	96
34	96
37	96
39	96
41	96
58	96
113	96
114	96
117	96
137	96
139	96
141	96
143	96
5	97
9	97
12	97
14	97
16	97
30	97
39	97
41	97
58	97
112	97
113	97
116	97
137	97
139	97
141	97
143	97
5	98
9	98
11	98
15	98
16	98
29	98
30	98
38	98
40	98
41	98
57	98
116	98
137	98
141	98
143	98
5	99
8	99
11	99
15	99
29	99
38	99
40	99
57	99
115	99
116	99
136	99
138	99
140	99
143	99
4	100
5	100
8	100
10	100
15	100
29	100
38	100
40	100
57	100
115	100
136	100
138	100
140	100
142	100
4	101
8	101
10	101
14	101
15	101
29	101
31	101
38	101
40	101
57	101
64	101
115	101
136	101
138	101
140	101
142	101
4	102
7	102
10	102
14	102
28	102
31	102
35	102
37	102
39	102
56	102
65	102
115	102
136	102
138	102
142	102
3	103
7	103
9	103
10	103
14	103
15	103
28	103
31	103
35	103
37	103
39	103
56	103
58	103
65	103
115	103
134	103
135	103
136	103
138	103
141	103
2	104
3	104
7	104
9	104
13	104
27	104
30	104
35	104
37	104
39	104
56	104
58	104
65	104
115	104
134	104
138	104
141	104
2	105
6	105
9	105
11	105
13	105
14	105
15	105
27	105
30	105
35	105
37	105
55	105
57	105
65	105
115	105
138	105
141	105
1	106
2	106
6	106
8	106
12	106
26	106
27	106
29	106
30	106
36	106
55	106
58	106
65	106
114	106
137	106
138	106
141	106
0	107
5	107
8	107
12	107
26	107
29	107
36	107
38	107
55	107
58	107
59	107
64	107
65	107
114	107
137	107
139	107
141	107
5	108
7	108
12	108
26	108
29	108
36	108
38	108
54	108
55	108
59	108
64	108
114	108
137	108
139	108
141	108
4	109
5	109
7	109
12	109
25	109
28	109
36	109
38	109
45	109
46	109
54	109
58	109
63	109
64	109
113	109
137	109
139	109
141	109
4	110
7	110
11	110
25	110
28	110
36	110
38	110
45	110
54	110
63	110
113	110
137	110
139	110
141	110
4	111
6	111
11	111
25	111
27	111
35	111
37	111
44	111
45	111
54	111
63	111
113	111
137	111
140	111
3	112
4	112
6	112
11	112
24	112
27	112
34	112
35	112
37	112
44	112
53	112
63	112
113	112
138	112
140	112
3	113
6	113
10	113
24	113
27	113
34	113
37	113
44	113
53	113
62	113
113	113
132	113
136	113
138	113
140	113
3	114
5	114
10	114
23	114
24	114
26	114
27	114
34	114
35	114
44	114
53	114
62	114
113	114
131	114
132	114
133	114
136	114
138	114
140	114
2	115
5	115
9	115
23	115
26	115
34	115
44	115
52	115
55	115
62	115
112	115
131	115
133	115
136	115
138	115
140	115
2	116
5	116
9	116
22	116
23	116
25	116
33	116
43	116
44	116
52	116
54	116
55	116
61	116
112	116
131	116
132	116
133	116
134	116
136	116
138	116
140	116
1	117
2	117
4	117
9	117
22	117
25	117
43	117
51	117
52	117
54	117
61	117
112	117
134	117
136	117
138	117
140	117
0	118
1	118
4	118
8	118
22	118
25	118
43	118
51	118
54	118
60	118
61	118
107	118
112	118
123	118
124	118
133	118
135	118
138	118
140	118
3	119
4	119
6	119
8	119
22	119
24	119
43	119
51	119
53	119
61	119
107	119
112	119
123	119
133	119
135	119
138	119
140	119
3	120
7	120
22	120
24	120
26	120
42	120
51	120
53	120
61	120
107	120
111	120
122	120
133	120
135	120
139	120
21	121
24	121
25	121
26	121
42	121
51	121
53	121
60	121
107	121
108	121
109	121
110	121
121	121
122	121
133	121
135	121
139	121
21	122
23	122
24	122
25	122
42	122
50	122
54	122
60	122
107	122
110	122
121	122
133	122
135	122
137	122
139	122
21	123
23	123
41	123
50	123
54	123
60	123
108	123
110	123
121	123
135	123
137	123
139	123
8	124
21	124
23	124
41	124
50	124
54	124
60	124
108	124
109	124
110	124
121	124
133	124
135	124
137	124
139	124
7	125
20	125
22	125
29	125
30	125
31	125
41	125
49	125
50	125
51	125
54	125
60	125
107	125
110	125
121	125
133	125
135	125
137	125
139	125
6	126
20	126
22	126
28	126
29	126
49	126
51	126
53	126
60	126
107	126
110	126
121	126
133	126
135	126
137	126
139	126
6	127
20	127
22	127
28	127
31	127
49	127
51	127
53	127
59	127
106	127
109	127
121	127
133	127
135	127
137	127
139	127
5	128
19	128
22	128
28	128
30	128
31	128
49	128
53	128
59	128
107	128
110	128
121	128
133	128
135	128
137	128
139	128
5	129
19	129
21	129
27	129
30	129
48	129
52	129
53	129
56	129
59	129
110	129
121	129
133	129
135	129
137	129
139	129
4	130
5	130
18	130
19	130
21	130
27	130
30	130
48	130
52	130
56	130
59	130
121	130
122	130
123	130
133	130
135	130
138	130
139	130
18	131
21	131
27	131
29	131
48	131
52	131
56	131
58	131
121	131
133	131
135	131
139	131
18	132
20	132
27	132
29	132
48	132
52	132
56	132
58	132
120	132
132	132
134	132
135	132
138	132
17	133
18	133
27	133
29	133
32	133
38	133
39	133
47	133
52	133
55	133
58	133
119	133
120	133
132	133
134	133
136	133
138	133
16	134
17	134
27	134
29	134
31	134
38	134
47	134
51	134
55	134
57	134
119	134
120	134
132	134
134	134
136	134
138	134
26	135
29	135
31	135
38	135
46	135
51	135
55	135
57	135
117	135
132	135
134	135
136	135
138	135
26	136
28	136
31	136
38	136
46	136
51	136
56	136
57	136
116	136
132	136
134	136
136	136
138	136
26	137
28	137
31	137
37	137
46	137
51	137
57	137
116	137
118	137
132	137
134	137
136	137
138	137
26	138
28	138
31	138
37	138
50	138
56	138
116	138
118	138
120	138
121	138
122	138
132	138
133	138
134	138
136	138
138	138
25	139
28	139
30	139
36	139
37	139
50	139
56	139
115	139
117	139
119	139
122	139
132	139
134	139
136	139
138	139
25	140
30	140
36	140
50	140
56	140
115	140
117	140
119	140
124	140
125	140
132	140
134	140
136	140
138	140
25	141
26	141
27	141
30	141
36	141
41	141
50	141
55	141
115	141
117	141
119	141
120	141
121	141
123	141
124	141
132	141
134	141
136	141
138	141
24	142
27	142
30	142
35	142
36	142
39	142
41	142
50	142
55	142
114	142
116	142
119	142
122	142
132	142
134	142
136	142
138	142
24	143
26	143
30	143
35	143
41	143
50	143
55	143
114	143
116	143
118	143
122	143
131	143
133	143
137	143
24	144
26	144
29	144
35	144
38	144
39	144
40	144
41	144
114	144
116	144
118	144
121	144
131	144
133	144
137	144
24	145
26	145
29	145
35	145
40	145
114	145
116	145
118	145
122	145
131	145
133	145
135	145
137	145
24	146
26	146
29	146
35	146
36	146
37	146
38	146
40	146
114	146
116	146
118	146
122	146
131	146
133	146
135	146
137	146
23	147
26	147
29	147
35	147
38	147
40	147
114	147
116	147
118	147
123	147
131	147
133	147
135	147
137	147
23	148
25	148
28	148
35	148
37	148
38	148
40	148
46	148
48	148
113	148
115	148
116	148
118	148
123	148
130	148
132	148
135	148
137	148
22	149
23	149
25	149
28	149
34	149
37	149
40	149
46	149
48	149
113	149
115	149
117	149
122	149
130	149
132	149
134	149
137	149
22	150
24	150
25	150
28	150
34	150
35	150
36	150
39	150
46	150
48	150
113	150
115	150
117	150
120	150
121	150
122	150
130	150
132	150
134	150
137	150
22	151
25	151
28	151
38	151
39	151
46	151
48	151
113	151
115	151
117	151
121	151
130	151
132	151
134	151
22	152
24	152
25	152
28	152
33	152
34	152
35	152
46	152
48	152
112	152
115	152
117	152
122	152
124	152
130	152
132	152
134	152
22	153
24	153
28	153
33	153
35	153
47	153
48	153
112	153
114	153
118	153
119	153
122	153
124	153
131	153
132	153
134	153
158	153
159	153
160	153
161	153
162	153
163	153
22	154
24	154
27	154
33	154
35	154
47	154
112	154
114	154
116	154
119	154
122	154
124	154
129	154
131	154
134	154
156	154
157	154
158	154
164	154
165	154
22	155
24	155
27	155
33	155
35	155
112	155
114	155
116	155
119	155
120	155
122	155
124	155
129	155
131	155
158	155
159	155
160	155
161	155
162	155
166	155
167	155
168	155
169	155
170	155
171	155
172	155
173	155
174	155
175	155
176	155
22	156
24	156
27	156
32	156
33	156
112	156
114	156
116	156
120	156
124	156
129	156
131	156
177	156
178	156
179	156
180	156
181	156
182	156
183	156
184	156
185	156
186	156
187	156
21	157
24	157
27	157
32	157
34	157
112	157
114	157
117	157
120	157
124	157
129	157
131	157
162	157
163	157
170	157
171	157
172	157
173	157
174	157
175	157
188	157
189	157
190	157
198	157
199	157
200	157
24	158
26	158
27	158
32	158
34	158
112	158
114	158
117	158
119	158
120	158
123	158
124	158
126	158
129	158
131	158
160	158
161	158
168	158
169	158
177	158
178	158
179	158
180	158
181	158
182	158
183	158
184	158
185	158
186	158
187	158
196	158
197	158
23	159
24	159
26	159
31	159
33	159
111	159
116	159
117	159
119	159
124	159
126	159
128	159
131	159
151	159
152	159
162	159
163	159
164	159
165	159
166	159
173	159
174	159
175	159
176	159
189	159
190	159
191	159
192	159
193	159
194	159
195	159
23	160
26	160
31	160
33	160
109	160
111	160
115	160
117	160
119	160
124	160
126	160
128	160
130	160
153	160
154	160
155	160
156	160
159	160
167	160
168	160
169	160
170	160
171	160
179	160
180	160
181	160
182	160
183	160
184	160
185	160
186	160
187	160
18	161
19	161
23	161
26	161
31	161
33	161
109	161
111	161
115	161
117	161
118	161
119	161
124	161
126	161
130	161
157	161
158	161
160	161
161	161
163	161
164	161
172	161
173	161
174	161
175	161
176	161
177	161
188	161
189	161
190	161
191	161
192	161
193	161
194	161
195	161
196	161
197	161
198	161
199	161
18	162
23	162
26	162
30	162
31	162
33	162
108	162
111	162
118	162
120	162
124	162
126	162
130	162
153	162
154	162
155	162
161	162
162	162
165	162
166	162
167	162
178	162
179	162
180	162
181	162
182	162
183	162
184	162
185	162
200	162
201	162
203	162
204	162
205	162
206	162
18	163
25	163
30	163
33	163
108	163
111	163
118	163
120	163
124	163
126	163
130	163
155	163
156	163
157	163
158	163
159	163
164	163
165	163
168	163
169	163
170	163
171	163
172	163
173	163
186	163
187	163
188	163
189	163
190	163
191	163
192	163
193	163
194	163
195	163
196	163
197	163
198	163
202	163
252	163
253	163
17	164
25	164
30	164
32	164
108	164
111	164
118	164
120	164
124	164
129	164
160	164
161	164
162	164
163	164
174	164
175	164
176	164
177	164
178	164
179	164
180	164
198	164
199	164
201	164
203	164
204	164
205	164
206	164
207	164
208	164
209	164
221	164
222	164
223	164
224	164
254	164
255	164
256	164
257	164
260	164
261	164
262	164
17	165
22	165
25	165
30	165
32	165
107	165
111	165
118	165
120	165
124	165
129	165
163	165
164	165
165	165
166	165
167	165
168	165
169	165
180	165
181	165
182	165
183	165
184	165
185	165
186	165
187	165
188	165
189	165
190	165
191	165
192	165
193	165
194	165
195	165
210	165
211	165
212	165
225	165
226	165
227	165
228	165
229	165
230	165
231	165
258	165
259	165
263	165
264	165
265	165
266	165
267	165
268	165
269	165
270	165
271	165
272	165
273	165
274	165
275	165
276	165
17	166
22	166
25	166
32	166
105	166
107	166
110	166
119	166
124	166
129	166
157	166
158	166
159	166
160	166
168	166
170	166
171	166
172	166
173	166
174	166
175	166
176	166
177	166
196	166
197	166
231	166
232	166
233	166
234	166
235	166
277	166
278	166
17	167
22	167
25	167
32	167
39	167
40	167
106	167
107	167
110	167
118	167
124	167
129	167
157	167
160	167
161	167
162	167
163	167
178	167
179	167
180	167
181	167
182	167
183	167
184	167
185	167
186	167
187	167
188	167
189	167
190	167
191	167
192	167
193	167
211	167
212	167
213	167
236	167
237	167
238	167
239	167
271	167
272	167
278	167
279	167
280	167
15	168
17	168
22	168
24	168
39	168
106	168
110	168
119	168
124	168
129	168
155	168
156	168
164	168
165	168
166	168
167	168
194	168
195	168
207	168
208	168
209	168
214	168
240	168
241	168
242	168
243	168
244	168
245	168
269	168
270	168
276	168
277	168
281	168
282	168
283	168
16	169
17	169
22	169
25	169
32	169
38	169
39	169
106	169
110	169
119	169
124	169
128	169
155	169
167	169
168	169
169	169
195	169
196	169
210	169
211	169
212	169
213	169
214	169
246	169
247	169
248	169
266	169
267	169
268	169
270	169
283	169
284	169
285	169
286	169
287	169
288	169
16	170
18	170
21	170
24	170
32	170
38	170
106	170
110	170
119	170
123	170
128	170
155	170
156	170
157	170
166	170
214	170
215	170
216	170
217	170
218	170
242	170
243	170
244	170
247	170
249	170
250	170
251	170
252	170
253	170
254	170
255	170
271	170
272	170
273	170
274	170
275	170
276	170
277	170
289	170
290	170
291	170
16	171
18	171
21	171
24	171
31	171
38	171
106	171
107	171
110	171
119	171
123	171
126	171
128	171
158	171
159	171
160	171
161	171
210	171
211	171
212	171
219	171
220	171
221	171
222	171
223	171
224	171
255	171
256	171
257	171
266	171
267	171
268	171
269	171
278	171
279	171
280	171
292	171
293	171
294	171
11	172
12	172
16	172
18	172
21	172
23	172
31	172
38	172
41	172
42	172
106	172
109	172
116	172
119	172
123	172
126	172
128	172
161	172
162	172
163	172
164	172
165	172
166	172
167	172
213	172
214	172
215	172
216	172
225	172
226	172
227	172
228	172
229	172
230	172
231	172
242	172
243	172
244	172
245	172
250	172
251	172
252	172
257	172
258	172
259	172
260	172
261	172
262	172
263	172
264	172
265	172
271	172
272	172
273	172
274	172
275	172
281	172
282	172
283	172
284	172
285	172
286	172
295	172
296	172
297	172
298	172
299	172
300	172
11	173
15	173
21	173
23	173
31	173
41	173
106	173
109	173
114	173
116	173
119	173
123	173
126	173
128	173
168	173
169	173
170	173
171	173
172	173
211	173
212	173
217	173
218	173
219	173
220	173
221	173
232	173
233	173
234	173
235	173
236	173
237	173
238	173
239	173
240	173
247	173
248	173
249	173
266	173
267	173
268	173
269	173
270	173
287	173
288	173
289	173
290	173
301	173
302	173
303	173
304	173
11	174
15	174
21	174
24	174
31	174
41	174
44	174
46	174
106	174
109	174
113	174
116	174
119	174
123	174
128	174
173	174
174	174
175	174
214	174
215	174
216	174
222	174
223	174
224	174
225	174
226	174
227	174
228	174
241	174
242	174
243	174
244	174
245	174
249	174
254	174
255	174
256	174
257	174
270	174
271	174
272	174
273	174
274	174
275	174
276	174
277	174
285	174
286	174
291	174
292	174
293	174
304	174
305	174
306	174
307	174
308	174
309	174
310	174
326	174
327	174
328	174
11	175
15	175
20	175
23	175
31	175
41	175
43	175
44	175
46	175
106	175
109	175
113	175
115	175
116	175
119	175
123	175
128	175
175	175
176	175
177	175
216	175
217	175
229	175
230	175
231	175
232	175
233	175
237	175
238	175
239	175
245	175
246	175
247	175
248	175
249	175
250	175
251	175
252	175
254	175
258	175
259	175
260	175
261	175
277	175
278	175
279	175
280	175
281	175
282	175
283	175
285	175
311	175
312	175
313	175
329	175
330	175
331	175
11	176
15	176
18	176
20	176
23	176
31	176
37	176
39	176
41	176
43	176
45	176
105	176
106	176
109	176
111	176
112	176
113	176
115	176
118	176
119	176
123	176
128	176
217	176
218	176
219	176
220	176
221	176
222	176
234	176
235	176
236	176
237	176
241	176
242	176
243	176
251	176
253	176
254	176
255	176
256	176
257	176
261	176
262	176
263	176
264	176
265	176
266	176
267	176
268	176
277	176
285	176
314	176
315	176
316	176
317	176
318	176
331	176
332	176
11	177
18	177
20	177
23	177
30	177
37	177
40	177
41	177
43	177
45	177
105	177
108	177
111	177
113	177
115	177
118	177
123	177
128	177
223	177
224	177
225	177
226	177
229	177
230	177
231	177
243	177
244	177
245	177
257	177
258	177
259	177
284	177
285	177
286	177
319	177
320	177
324	177
11	178
18	178
20	178
23	178
30	178
37	178
40	178
43	178
45	178
105	178
108	178
111	178
113	178
115	178
118	178
123	178
128	178
214	178
215	178
216	178
217	178
218	178
227	178
228	178
233	178
234	178
235	178
236	178
246	178
247	178
248	178
249	178
259	178
277	178
278	178
279	178
280	178
281	178
282	178
321	178
322	178
323	178
324	178
325	178
326	178
327	178
333	178
334	178
10	179
19	179
20	179
22	179
23	179
31	179
37	179
40	179
42	179
45	179
105	179
108	179
111	179
113	179
115	179
118	179
120	179
121	179
123	179
128	179
218	179
219	179
220	179
221	179
222	179
237	179
238	179
239	179
250	179
251	179
252	179
253	179
254	179
259	179
260	179
261	179
273	179
274	179
275	179
276	179
283	179
284	179
285	179
286	179
287	179
318	179
321	179
328	179
329	179
330	179
332	179
334	179
335	179
10	180
19	180
22	180
31	180
36	180
40	180
42	180
104	180
108	180
111	180
113	180
115	180
118	180
121	180
123	180
128	180
217	180
223	180
224	180
225	180
239	180
240	180
241	180
255	180
256	180
257	180
263	180
264	180
270	180
271	180
278	180
279	180
280	180
281	180
288	180
289	180
290	180
291	180
292	180
293	180
318	180
320	180
321	180
329	180
332	180
336	180
337	180
338	180
339	180
10	181
19	181
22	181
31	181
36	181
39	181
42	181
104	181
108	181
111	181
115	181
118	181
122	181
123	181
128	181
226	181
227	181
228	181
229	181
242	181
243	181
244	181
245	181
246	181
258	181
259	181
260	181
266	181
267	181
268	181
274	181
275	181
276	181
277	181
282	181
283	181
284	181
285	181
286	181
294	181
295	181
296	181
297	181
298	181
299	181
318	181
321	181
322	181
329	181
330	181
339	181
10	182
17	182
19	182
22	182
30	182
36	182
39	182
42	182
104	182
108	182
111	182
114	182
118	182
123	182
128	182
246	182
247	182
248	182
249	182
261	182
262	182
263	182
264	182
265	182
270	182
271	182
272	182
273	182
278	182
279	182
280	182
281	182
287	182
288	182
289	182
290	182
291	182
292	182
293	182
300	182
301	182
302	182
303	182
316	182
317	182
318	182
319	182
322	182
331	182
339	182
340	182
341	182
342	182
343	182
10	183
17	183
19	183
22	183
29	183
31	183
36	183
39	183
41	183
104	183
108	183
114	183
116	183
118	183
122	183
123	183
128	183
208	183
209	183
250	183
251	183
252	183
253	183
258	183
265	183
266	183
267	183
268	183
276	183
277	183
284	183
285	183
286	183
294	183
295	183
296	183
297	183
298	183
304	183
305	183
306	183
307	183
319	183
320	183
321	183
332	183
337	183
343	183
344	183
10	184
17	184
19	184
21	184
29	184
31	184
35	184
39	184
41	184
104	184
106	184
108	184
110	184
114	184
116	184
118	184
123	184
128	184
209	184
210	184
254	184
255	184
256	184
257	184
263	184
265	184
269	184
270	184
271	184
272	184
273	184
279	184
289	184
290	184
291	184
292	184
301	184
302	184
309	184
310	184
311	184
313	184
314	184
319	184
323	184
324	184
325	184
332	184
333	184
334	184
335	184
337	184
344	184
345	184
346	184
347	184
348	184
9	185
17	185
19	185
21	185
23	185
25	185
28	185
29	185
31	185
35	185
39	185
41	185
106	185
108	185
110	185
114	185
116	185
118	185
123	185
128	185
211	185
214	185
257	185
258	185
259	185
260	185
261	185
262	185
274	185
275	185
276	185
277	185
278	185
279	185
286	185
287	185
288	185
294	185
295	185
296	185
297	185
298	185
299	185
303	185
304	185
305	185
306	185
307	185
308	185
315	185
316	185
319	185
323	185
326	185
327	185
328	185
335	185
337	185
348	185
349	185
8	186
9	186
18	186
21	186
23	186
25	186
29	186
35	186
39	186
41	186
106	186
108	186
110	186
114	186
116	186
118	186
123	186
128	186
211	186
213	186
214	186
262	186
263	186
264	186
265	186
275	186
279	186
281	186
282	186
283	186
284	186
288	186
289	186
290	186
291	186
300	186
301	186
302	186
310	186
311	186
312	186
313	186
320	186
321	186
323	186
324	186
332	186
333	186
336	186
337	186
349	186
350	186
352	186
353	186
8	187
18	187
20	187
23	187
25	187
29	187
35	187
41	187
105	187
108	187
110	187
114	187
116	187
123	187
126	187
128	187
211	187
214	187
257	187
258	187
266	187
267	187
268	187
269	187
275	187
276	187
285	187
286	187
287	187
291	187
292	187
293	187
294	187
295	187
296	187
297	187
298	187
299	187
304	187
305	187
306	187
307	187
308	187
313	187
314	187
315	187
316	187
317	187
321	187
325	187
326	187
327	187
328	187
332	187
334	187
335	187
344	187
345	187
350	187
353	187
8	188
18	188
20	188
24	188
25	188
29	188
34	188
41	188
105	188
108	188
110	188
113	188
123	188
126	188
128	188
130	188
172	188
212	188
214	188
258	188
259	188
262	188
265	188
269	188
270	188
274	188
277	188
278	188
279	188
280	188
295	188
300	188
301	188
302	188
309	188
310	188
311	188
313	188
318	188
319	188
320	188
321	188
327	188
328	188
336	188
337	188
346	188
350	188
351	188
352	188
353	188
8	189
18	189
20	189
24	189
28	189
34	189
41	189
105	189
108	189
110	189
113	189
123	189
126	189
128	189
132	189
169	189
170	189
173	189
212	189
215	189
259	189
262	189
263	189
264	189
265	189
270	189
273	189
275	189
291	189
293	189
294	189
295	189
303	189
304	189
305	189
306	189
307	189
312	189
313	189
314	189
315	189
316	189
317	189
319	189
325	189
326	189
330	189
332	189
333	189
337	189
338	189
347	189
348	189
353	189
354	189
355	189
20	190
21	190
22	190
24	190
28	190
34	190
40	190
41	190
105	190
108	190
110	190
113	190
116	190
123	190
126	190
128	190
132	190
170	190
172	190
173	190
174	190
213	190
215	190
217	190
218	190
219	190
220	190
239	190
240	190
259	190
260	190
261	190
269	190
273	190
275	190
277	190
278	190
279	190
280	190
281	190
288	190
289	190
290	190
292	190
295	190
308	190
309	190
310	190
317	190
318	190
319	190
323	190
330	190
331	190
338	190
339	190
343	190
344	190
349	190
350	190
356	190
357	190
358	190
359	190
360	190
20	191
22	191
24	191
28	191
34	191
39	191
43	191
105	191
108	191
110	191
113	191
115	191
117	191
123	191
126	191
128	191
132	191
133	191
171	191
174	191
175	191
213	191
215	191
218	191
240	191
241	191
244	191
262	191
263	191
264	191
265	191
269	191
272	191
273	191
275	191
277	191
282	191
283	191
284	191
285	191
294	191
295	191
296	191
303	191
304	191
305	191
306	191
310	191
311	191
312	191
313	191
314	191
315	191
320	191
321	191
322	191
324	191
325	191
331	191
332	191
335	191
336	191
337	191
340	191
341	191
345	191
346	191
347	191
351	191
352	191
355	191
360	191
361	191
362	191
13	192
20	192
22	192
27	192
34	192
39	192
41	192
42	192
43	192
105	192
107	192
109	192
113	192
115	192
117	192
123	192
126	192
133	192
134	192
172	192
175	192
176	192
213	192
219	192
242	192
243	192
244	192
265	192
268	192
269	192
272	192
274	192
277	192
286	192
287	192
288	192
289	192
290	192
297	192
298	192
299	192
300	192
306	192
316	192
317	192
319	192
326	192
327	192
328	192
333	192
334	192
342	192
343	192
348	192
349	192
353	192
354	192
358	192
362	192
363	192
13	193
20	193
21	193
27	193
33	193
39	193
41	193
43	193
44	193
104	193
107	193
109	193
111	193
113	193
115	193
117	193
123	193
126	193
173	193
176	193
214	193
216	193
232	193
233	193
234	193
236	193
237	193
238	193
239	193
240	193
241	193
242	193
245	193
246	193
247	193
248	193
260	193
261	193
268	193
271	193
276	193
277	193
287	193
291	193
292	193
293	193
301	193
302	193
303	193
306	193
307	193
318	193
320	193
321	193
322	193
323	193
324	193
329	193
330	193
335	193
336	193
341	193
344	193
350	193
351	193
354	193
355	193
356	193
358	193
359	193
360	193
364	193
365	193
366	193
13	194
19	194
27	194
33	194
44	194
104	194
107	194
109	194
111	194
113	194
115	194
117	194
123	194
126	194
158	194
159	194
160	194
161	194
173	194
174	194
177	194
195	194
196	194
213	194
214	194
217	194
218	194
219	194
220	194
221	194
224	194
225	194
226	194
227	194
228	194
232	194
234	194
235	194
236	194
242	194
245	194
249	194
250	194
259	194
261	194
262	194
263	194
267	194
268	194
275	194
276	194
287	194
293	194
297	194
298	194
307	194
308	194
309	194
310	194
311	194
324	194
325	194
331	194
332	194
336	194
337	194
338	194
341	194
352	194
353	194
356	194
357	194
361	194
362	194
366	194
367	194
13	195
19	195
27	195
33	195
43	195
44	195
104	195
107	195
109	195
111	195
113	195
115	195
117	195
123	195
126	195
158	195
161	195
174	195
175	195
178	195
196	195
197	195
200	195
201	195
202	195
203	195
204	195
205	195
206	195
207	195
208	195
209	195
210	195
211	195
212	195
215	195
218	195
222	195
223	195
242	195
245	195
259	195
264	195
265	195
266	195
267	195
270	195
272	195
275	195
287	195
291	195
294	195
295	195
297	195
299	195
300	195
301	195
302	195
303	195
305	195
311	195
312	195
313	195
314	195
315	195
316	195
317	195
318	195
326	195
327	195
328	195
337	195
340	195
341	195
343	195
353	195
354	195
355	195
359	195
364	195
368	195
369	195
370	195
13	196
18	196
19	196
27	196
33	196
42	196
43	196
104	196
107	196
109	196
111	196
113	196
115	196
117	196
123	196
127	196
130	196
131	196
132	196
158	196
161	196
175	196
176	196
178	196
179	196
189	196
190	196
192	196
193	196
194	196
195	196
198	196
199	196
213	196
215	196
218	196
224	196
225	196
226	196
227	196
228	196
229	196
230	196
231	196
232	196
235	196
236	196
237	196
238	196
239	196
240	196
241	196
242	196
244	196
245	196
246	196
247	196
265	196
266	196
270	196
271	196
272	196
275	196
290	196
291	196
293	196
297	196
302	196
306	196
307	196
308	196
309	196
310	196
329	196
330	196
337	196
339	196
340	196
342	196
343	196
356	196
357	196
360	196
361	196
362	196
364	196
365	196
370	196
371	196
12	197
18	197
27	197
32	197
33	197
104	197
107	197
109	197
112	197
115	197
117	197
123	197
127	197
130	197
132	197
159	197
162	197
176	197
180	197
181	197
182	197
184	197
185	197
186	197
187	197
188	197
191	197
213	197
214	197
215	197
219	197
233	197
234	197
242	197
248	197
249	197
250	197
251	197
252	197
253	197
254	197
255	197
256	197
257	197
258	197
259	197
260	197
261	197
262	197
263	197
265	197
275	197
276	197
277	197
278	197
279	197
280	197
281	197
289	197
290	197
292	197
295	197
297	197
303	197
310	197
311	197
312	197
331	197
332	197
333	197
337	197
343	197
344	197
345	197
346	197
347	197
348	197
358	197
362	197
366	197
367	197
371	197
372	197
373	197
12	198
18	198
27	198
32	198
99	198
101	198
103	198
107	198
109	198
112	198
114	198
117	198
123	198
126	198
127	198
132	198
160	198
162	198
163	198
164	198
176	198
177	198
178	198
179	198
182	198
183	198
192	198
199	198
200	198
216	198
217	198
220	198
232	198
235	198
242	198
264	198
265	198
277	198
289	198
292	198
294	198
296	198
333	198
334	198
348	198
349	198
350	198
363	198
364	198
367	198
368	198
373	198
374	198
375	198
12	199
18	199
27	199
32	199
34	199
99	199
101	199
103	199
107	199
109	199
112	199
114	199
117	199
122	199
126	199
134	199
159	199
164	199
165	199
171	199
176	199
178	199
179	199
182	199
190	199
193	199
194	199
195	199
196	199
197	199
198	199
201	199
217	199
221	199
223	199
224	199
228	199
229	199
230	199
232	199
235	199
237	199
270	199
277	199
288	199
289	199
291	199
294	199
296	199
313	199
314	199
315	199
335	199
350	199
365	199
376	199
377	199
4	200
6	200
12	200
16	200
18	200
26	200
32	200
34	200
99	200
101	200
103	200
107	200
109	200
112	200
114	200
117	200
122	200
126	200
134	200
135	200
159	200
160	200
165	200
172	200
173	200
174	200
175	200
176	200
179	200
185	200
186	200
187	200
188	200
189	200
190	200
191	200
208	200
209	200
210	200
211	200
212	200
213	200
214	200
215	200
216	200
217	200
222	200
225	200
226	200
227	200
231	200
232	200
235	200
236	200
266	200
267	200
270	200
274	200
275	200
276	200
277	200
288	200
290	200
293	200
295	200
296	200
297	200
303	200
316	200
336	200
337	200
351	200
352	200
353	200
371	200
372	200
373	200
377	200
378	200
379	200
4	201
5	201
6	201
11	201
16	201
17	201
18	201
26	201
32	201
34	201
99	201
101	201
103	201
107	201
109	201
112	201
114	201
116	201
117	201
122	201
126	201
133	201
160	201
162	201
163	201
165	201
166	201
171	201
191	201
198	201
199	201
200	201
201	201
202	201
203	201
204	201
205	201
206	201
207	201
268	201
269	201
270	201
271	201
272	201
273	201
277	201
278	201
279	201
280	201
281	201
287	201
288	201
290	201
293	201
295	201
299	201
300	201
301	201
304	201
305	201
306	201
316	201
331	201
335	201
338	201
339	201
353	201
354	201
373	201
374	201
379	201
380	201
4	202
6	202
11	202
17	202
26	202
32	202
99	202
101	202
103	202
106	202
109	202
112	202
114	202
116	202
122	202
126	202
133	202
134	202
135	202
160	202
163	202
166	202
167	202
175	202
176	202
177	202
178	202
179	202
180	202
191	202
192	202
195	202
196	202
197	202
282	202
283	202
284	202
285	202
286	202
290	202
292	202
293	202
295	202
301	202
302	202
306	202
307	202
316	202
332	202
336	202
337	202
340	202
341	202
342	202
355	202
356	202
357	202
373	202
375	202
376	202
381	202
382	202
4	203
6	203
11	203
17	203
26	203
31	203
33	203
99	203
101	203
103	203
106	203
110	203
112	203
114	203
116	203
119	203
120	203
123	203
125	203
130	203
135	203
157	203
158	203
159	203
160	203
161	203
162	203
163	203
168	203
169	203
173	203
174	203
175	203
190	203
192	203
193	203
194	203
290	203
291	203
292	203
294	203
295	203
304	203
305	203
308	203
309	203
310	203
315	203
317	203
333	203
334	203
337	203
338	203
342	203
343	203
357	203
358	203
376	203
377	203
378	203
6	204
11	204
13	204
14	204
17	204
26	204
31	204
33	204
98	204
100	204
103	204
106	204
108	204
110	204
112	204
114	204
116	204
119	204
123	204
125	204
130	204
133	204
135	204
151	204
152	204
153	204
154	204
155	204
156	204
157	204
162	204
165	204
169	204
170	204
171	204
172	204
173	204
295	204
299	204
300	204
301	204
302	204
310	204
315	204
319	204
334	204
335	204
336	204
339	204
340	204
345	204
357	204
358	204
375	204
378	204
379	204
380	204
6	205
11	205
13	205
17	205
18	205
25	205
31	205
33	205
98	205
100	205
102	205
106	205
108	205
110	205
112	205
114	205
116	205
119	205
123	205
125	205
130	205
132	205
135	205
138	205
146	205
147	205
148	205
149	205
150	205
151	205
159	205
163	205
164	205
296	205
297	205
298	205
301	205
303	205
304	205
305	205
310	205
311	205
312	205
316	205
317	205
318	205
337	205
338	205
341	205
342	205
343	205
346	205
347	205
374	205
375	205
376	205
380	205
381	205
5	206
11	206
13	206
18	206
25	206
31	206
34	206
98	206
100	206
102	206
106	206
108	206
110	206
114	206
116	206
119	206
123	206
125	206
130	206
133	206
136	206
138	206
143	206
144	206
145	206
146	206
160	206
161	206
162	206
164	206
165	206
305	206
306	206
307	206
312	206
313	206
314	206
318	206
319	206
320	206
339	206
340	206
342	206
344	206
348	206
376	206
381	206
382	206
383	206
5	207
11	207
13	207
15	207
16	207
17	207
25	207
30	207
32	207
98	207
100	207
102	207
106	207
108	207
110	207
114	207
116	207
119	207
123	207
125	207
131	207
134	207
136	207
138	207
139	207
140	207
141	207
142	207
156	207
157	207
158	207
159	207
160	207
165	207
308	207
309	207
314	207
315	207
320	207
321	207
322	207
341	207
345	207
346	207
349	207
364	207
368	207
369	207
379	207
383	207
384	207
5	208
10	208
11	208
13	208
15	208
25	208
30	208
32	208
98	208
100	208
102	208
106	208
108	208
111	208
114	208
116	208
119	208
122	208
125	208
131	208
135	208
138	208
142	208
149	208
150	208
151	208
152	208
153	208
154	208
155	208
156	208
166	208
309	208
310	208
315	208
316	208
317	208
323	208
342	208
343	208
347	208
348	208
351	208
352	208
361	208
362	208
365	208
369	208
370	208
380	208
381	208
384	208
385	208
10	209
13	209
15	209
18	209
19	209
20	209
24	209
30	209
32	209
98	209
100	209
102	209
106	209
108	209
116	209
119	209
122	209
125	209
131	209
135	209
136	209
137	209
138	209
140	209
141	209
142	209
143	209
144	209
145	209
146	209
147	209
148	209
161	209
162	209
310	209
311	209
312	209
317	209
318	209
324	209
325	209
334	209
335	209
343	209
344	209
345	209
362	209
363	209
367	209
371	209
372	209
373	209
381	209
382	209
383	209
384	209
385	209
386	209
387	209
10	210
12	210
13	210
18	210
20	210
24	210
30	210
32	210
98	210
100	210
102	210
106	210
108	210
113	210
116	210
119	210
122	210
125	210
130	210
131	210
132	210
133	210
134	210
156	210
159	210
160	210
161	210
312	210
313	210
319	210
320	210
326	210
335	210
336	210
343	210
345	210
346	210
351	210
352	210
364	210
365	210
368	210
369	210
374	210
383	210
387	210
388	210
10	211
12	211
18	211
19	211
20	211
24	211
30	211
32	211
97	211
101	211
106	211
108	211
112	211
116	211
117	211
118	211
119	211
122	211
125	211
136	211
156	211
157	211
158	211
314	211
315	211
320	211
321	211
322	211
327	211
328	211
329	211
332	211
333	211
336	211
337	211
338	211
343	211
345	211
347	211
348	211
370	211
371	211
372	211
375	211
385	211
388	211
389	211
10	212
12	212
13	212
20	212
24	212
29	212
32	212
97	212
99	212
101	212
106	212
108	212
111	212
116	212
122	212
125	212
127	212
136	212
151	212
152	212
153	212
154	212
155	212
156	212
315	212
322	212
323	212
329	212
330	212
333	212
334	212
335	212
343	212
348	212
349	212
350	212
351	212
352	212
368	212
372	212
373	212
377	212
378	212
386	212
387	212
390	212
391	212
10	213
12	213
16	213
17	213
18	213
21	213
24	213
29	213
32	213
97	213
99	213
101	213
103	213
106	213
108	213
111	213
113	213
116	213
117	213
118	213
122	213
125	213
127	213
128	213
130	213
131	213
132	213
133	213
134	213
135	213
136	213
149	213
150	213
323	213
324	213
325	213
330	213
331	213
332	213
336	213
345	213
346	213
352	213
353	213
369	213
370	213
373	213
374	213
375	213
379	213
387	213
388	213
391	213
392	213
12	214
15	214
16	214
19	214
21	214
23	214
29	214
31	214
97	214
99	214
101	214
103	214
105	214
109	214
111	214
113	214
116	214
118	214
122	214
128	214
129	214
130	214
137	214
143	214
144	214
148	214
149	214
235	214
236	214
237	214
244	214
245	214
246	214
247	214
248	214
249	214
250	214
251	214
252	214
253	214
254	214
255	214
256	214
257	214
259	214
260	214
261	214
262	214
308	214
326	214
327	214
328	214
333	214
334	214
347	214
348	214
353	214
354	214
355	214
371	214
372	214
376	214
380	214
388	214
389	214
392	214
393	214
12	215
15	215
18	215
23	215
29	215
41	215
97	215
99	215
101	215
103	215
105	215
111	215
113	215
115	215
116	215
118	215
122	215
128	215
137	215
142	215
143	215
145	215
146	215
147	215
148	215
234	215
235	215
237	215
238	215
242	215
243	215
244	215
258	215
262	215
263	215
308	215
309	215
315	215
316	215
317	215
329	215
335	215
336	215
337	215
348	215
349	215
350	215
355	215
356	215
377	215
378	215
379	215
390	215
394	215
11	216
12	216
15	216
23	216
28	216
41	216
97	216
99	216
101	216
103	216
105	216
111	216
113	216
116	216
122	216
128	216
137	216
142	216
234	216
237	216
242	216
263	216
309	216
310	216
311	216
314	216
331	216
332	216
337	216
350	216
351	216
356	216
357	216
395	216
11	217
14	217
15	217
23	217
24	217
25	217
28	217
31	217
41	217
97	217
99	217
101	217
105	217
109	217
111	217
113	217
114	217
115	217
116	217
118	217
121	217
122	217
128	217
139	217
140	217
141	217
142	217
237	217
238	217
242	217
248	217
249	217
259	217
260	217
261	217
263	217
296	217
297	217
298	217
311	217
312	217
315	217
316	217
317	217
327	217
328	217
329	217
332	217
333	217
334	217
337	217
340	217
341	217
346	217
348	217
352	217
353	217
357	217
358	217
361	217
396	217
11	218
14	218
25	218
28	218
31	218
41	218
97	218
100	218
105	218
109	218
111	218
118	218
121	218
128	218
137	218
139	218
145	218
146	218
147	218
148	218
228	218
229	218
230	218
237	218
242	218
244	218
245	218
246	218
250	218
260	218
263	218
264	218
296	218
298	218
299	218
312	218
313	218
314	218
317	218
318	218
329	218
330	218
334	218
335	218
337	218
341	218
345	218
348	218
349	218
354	218
355	218
359	218
360	218
362	218
11	219
22	219
25	219
27	219
28	219
30	219
31	219
41	219
96	219
98	219
100	219
105	219
109	219
118	219
119	219
122	219
128	219
129	219
130	219
131	219
133	219
135	219
136	219
137	219
138	219
140	219
141	219
142	219
143	219
144	219
148	219
193	219
194	219
195	219
196	219
197	219
198	219
199	219
200	219
227	219
230	219
236	219
237	219
242	219
247	219
248	219
249	219
250	219
264	219
296	219
299	219
300	219
314	219
315	219
319	219
320	219
330	219
331	219
332	219
337	219
342	219
343	219
344	219
349	219
350	219
11	220
22	220
24	220
25	220
27	220
30	220
41	220
96	220
98	220
100	220
105	220
110	220
117	220
118	220
120	220
121	220
122	220
131	220
132	220
146	220
147	220
148	220
149	220
168	220
169	220
170	220
171	220
172	220
187	220
189	220
190	220
191	220
192	220
199	220
209	220
211	220
228	220
230	220
236	220
242	220
264	220
296	220
301	220
302	220
303	220
316	220
317	220
321	220
322	220
333	220
334	220
344	220
345	220
346	220
351	220
352	220
10	221
16	221
22	221
23	221
24	221
27	221
28	221
29	221
41	221
96	221
98	221
100	221
105	221
110	221
117	221
121	221
138	221
166	221
167	221
168	221
171	221
181	221
182	221
184	221
185	221
186	221
187	221
188	221
199	221
209	221
210	221
211	221
224	221
230	221
236	221
242	221
263	221
297	221
298	221
299	221
303	221
304	221
305	221
317	221
318	221
323	221
324	221
325	221
334	221
335	221
346	221
347	221
352	221
353	221
10	222
17	222
22	222
41	222
96	222
98	222
100	222
105	222
110	222
117	222
119	222
120	222
121	222
135	222
136	222
137	222
138	222
148	222
149	222
150	222
151	222
152	222
156	222
157	222
164	222
165	222
166	222
169	222
170	222
171	222
183	222
184	222
187	222
196	222
197	222
198	222
199	222
209	222
211	222
224	222
236	222
242	222
263	222
297	222
306	222
307	222
308	222
318	222
319	222
320	222
326	222
327	222
335	222
336	222
337	222
348	222
349	222
350	222
351	222
10	223
17	223
22	223
40	223
41	223
96	223
98	223
100	223
105	223
110	223
117	223
121	223
138	223
139	223
140	223
141	223
142	223
143	223
144	223
145	223
146	223
147	223
154	223
155	223
156	223
161	223
162	223
163	223
166	223
172	223
173	223
174	223
175	223
176	223
177	223
180	223
184	223
191	223
192	223
193	223
194	223
195	223
199	223
209	223
211	223
224	223
235	223
242	223
262	223
263	223
297	223
308	223
309	223
320	223
321	223
322	223
328	223
329	223
330	223
337	223
338	223
339	223
351	223
352	223
10	224
17	224
22	224
25	224
40	224
96	224
98	224
100	224
102	224
105	224
110	224
120	224
121	224
137	224
138	224
140	224
145	224
153	224
154	224
170	224
171	224
179	224
180	224
181	224
182	224
187	224
188	224
189	224
190	224
199	224
209	224
211	224
224	224
230	224
235	224
242	224
261	224
262	224
297	224
309	224
322	224
323	224
331	224
332	224
333	224
339	224
340	224
352	224
353	224
354	224
10	225
17	225
22	225
25	225
40	225
95	225
97	225
100	225
102	225
105	225
110	225
120	225
138	225
139	225
140	225
145	225
146	225
147	225
148	225
149	225
150	225
151	225
152	225
153	225
166	225
168	225
169	225
171	225
178	225
179	225
184	225
185	225
186	225
199	225
209	225
211	225
224	225
230	225
235	225
242	225
243	225
245	225
252	225
253	225
254	225
260	225
261	225
297	225
309	225
323	225
324	225
333	225
334	225
335	225
340	225
341	225
342	225
343	225
344	225
354	225
355	225
9	226
10	226
17	226
22	226
25	226
40	226
95	226
97	226
99	226
102	226
105	226
110	226
120	226
147	226
163	226
164	226
165	226
167	226
168	226
177	226
184	226
199	226
207	226
208	226
211	226
224	226
230	226
231	226
234	226
243	226
251	226
252	226
254	226
255	226
260	226
297	226
309	226
310	226
314	226
315	226
324	226
325	226
335	226
336	226
337	226
344	226
352	226
353	226
355	226
356	226
357	226
358	226
9	227
10	227
17	227
22	227
25	227
26	227
28	227
39	227
95	227
97	227
99	227
102	227
105	227
110	227
120	227
151	227
152	227
153	227
161	227
162	227
163	227
168	227
169	227
170	227
172	227
173	227
174	227
176	227
182	227
183	227
199	227
207	227
210	227
212	227
215	227
216	227
217	227
220	227
221	227
222	227
224	227
230	227
231	227
234	227
241	227
243	227
244	227
251	227
255	227
259	227
260	227
298	227
311	227
312	227
315	227
316	227
317	227
318	227
325	227
326	227
337	227
338	227
339	227
345	227
346	227
358	227
359	227
9	228
16	228
22	228
25	228
28	228
39	228
95	228
97	228
99	228
102	228
104	228
110	228
118	228
119	228
120	228
148	228
149	228
150	228
151	228
154	228
158	228
159	228
160	228
161	228
168	228
170	228
171	228
174	228
179	228
180	228
181	228
199	228
207	228
210	228
212	228
215	228
217	228
218	228
220	228
222	228
224	228
230	228
234	228
241	228
244	228
245	228
246	228
250	228
251	228
255	228
256	228
258	228
259	228
275	228
298	228
312	228
313	228
319	228
320	228
326	228
327	228
340	228
341	228
346	228
347	228
348	228
349	228
357	228
359	228
360	228
9	229
16	229
21	229
26	229
28	229
39	229
95	229
97	229
99	229
102	229
104	229
110	229
121	229
146	229
147	229
154	229
155	229
156	229
157	229
168	229
176	229
177	229
178	229
179	229
199	229
207	229
210	229
212	229
213	229
214	229
218	229
220	229
222	229
223	229
224	229
225	229
226	229
234	229
241	229
246	229
247	229
249	229
250	229
256	229
257	229
258	229
271	229
274	229
275	229
276	229
277	229
278	229
298	229
301	229
304	229
305	229
314	229
315	229
320	229
327	229
328	229
341	229
342	229
343	229
344	229
349	229
9	230
16	230
18	230
21	230
26	230
28	230
39	230
95	230
97	230
99	230
102	230
104	230
110	230
115	230
119	230
120	230
161	230
162	230
167	230
168	230
174	230
175	230
176	230
199	230
206	230
207	230
209	230
210	230
218	230
220	230
224	230
226	230
232	230
234	230
241	230
242	230
247	230
248	230
249	230
271	230
272	230
279	230
280	230
281	230
299	230
302	230
303	230
306	230
310	230
315	230
316	230
321	230
322	230
328	230
329	230
330	230
344	230
345	230
346	230
347	230
350	230
351	230
9	231
16	231
18	231
21	231
24	231
25	231
26	231
28	231
39	231
94	231
97	231
99	231
101	231
104	231
105	231
106	231
109	231
114	231
120	231
159	231
160	231
161	231
167	231
171	231
172	231
173	231
199	231
208	231
211	231
212	231
218	231
220	231
224	231
226	231
232	231
234	231
242	231
271	231
273	231
281	231
282	231
283	231
299	231
301	231
302	231
305	231
307	231
308	231
309	231
314	231
316	231
317	231
318	231
322	231
323	231
324	231
327	231
330	231
331	231
345	231
348	231
351	231
352	231
353	231
8	232
15	232
18	232
20	232
24	232
27	232
38	232
39	232
94	232
96	232
99	232
101	232
106	232
109	232
114	232
120	232
155	232
156	232
157	232
158	232
163	232
168	232
170	232
171	232
199	232
205	232
207	232
208	232
210	232
213	232
219	232
221	232
222	232
223	232
224	232
228	232
232	232
235	232
271	232
273	232
274	232
275	232
276	232
277	232
283	232
284	232
299	232
301	232
309	232
310	232
318	232
319	232
324	232
325	232
327	232
331	232
332	232
348	232
349	232
353	232
354	232
7	233
8	233
15	233
18	233
20	233
25	233
27	233
38	233
94	233
96	233
99	233
102	233
103	233
104	233
105	233
106	233
107	233
109	233
110	233
111	233
112	233
113	233
114	233
120	233
153	233
154	233
159	233
160	233
161	233
162	233
167	233
168	233
169	233
170	233
199	233
205	233
210	233
212	233
214	233
219	233
221	233
224	233
227	233
228	233
232	233
234	233
235	233
271	233
274	233
278	233
279	233
280	233
285	233
286	233
287	233
299	233
302	233
303	233
304	233
311	233
312	233
316	233
317	233
319	233
320	233
326	233
332	233
333	233
345	233
346	233
354	233
355	233
7	234
15	234
16	234
17	234
20	234
24	234
25	234
26	234
27	234
38	234
94	234
96	234
98	234
101	234
106	234
109	234
114	234
115	234
116	234
118	234
120	234
145	234
155	234
164	234
165	234
166	234
167	234
199	234
205	234
212	234
214	234
221	234
222	234
224	234
227	234
232	234
235	234
270	234
274	234
276	234
280	234
281	234
287	234
288	234
289	234
299	234
304	234
305	234
312	234
313	234
314	234
320	234
321	234
327	234
333	234
334	234
346	234
347	234
348	234
349	234
351	234
352	234
355	234
356	234
8	235
20	235
25	235
27	235
38	235
94	235
96	235
98	235
101	235
103	235
106	235
109	235
116	235
118	235
120	235
144	235
158	235
159	235
160	235
161	235
162	235
163	235
164	235
199	235
204	235
209	235
212	235
214	235
215	235
222	235
224	235
225	235
227	235
232	235
235	235
236	235
270	235
276	235
282	235
283	235
290	235
291	235
299	235
305	235
306	235
314	235
315	235
316	235
319	235
321	235
322	235
323	235
327	235
328	235
329	235
334	235
335	235
336	235
337	235
349	235
350	235
356	235
357	235
8	236
20	236
24	236
25	236
27	236
38	236
96	236
98	236
101	236
103	236
106	236
109	236
116	236
118	236
120	236
144	236
155	236
156	236
157	236
199	236
204	236
209	236
215	236
222	236
225	236
226	236
227	236
232	236
236	236
269	236
270	236
277	236
278	236
283	236
284	236
285	236
286	236
289	236
291	236
299	236
307	236
308	236
316	236
317	236
318	236
323	236
324	236
329	236
334	236
337	236
338	236
350	236
351	236
352	236
353	236
357	236
358	236
6	237
7	237
20	237
24	237
26	237
38	237
92	237
93	237
94	237
96	237
98	237
101	237
105	237
109	237
116	237
120	237
139	237
144	237
152	237
153	237
154	237
199	237
204	237
207	237
208	237
213	237
215	237
218	237
222	237
225	237
233	237
236	237
266	237
268	237
269	237
278	237
279	237
283	237
286	237
289	237
291	237
299	237
319	237
322	237
324	237
325	237
330	237
331	237
332	237
334	237
338	237
339	237
353	237
354	237
355	237
358	237
359	237
360	237
5	238
6	238
20	238
24	238
25	238
26	238
38	238
92	238
96	238
98	238
101	238
105	238
109	238
111	238
120	238
139	238
141	238
144	238
151	238
155	238
156	238
157	238
199	238
202	238
205	238
208	238
213	238
215	238
218	238
223	238
225	238
233	238
236	238
237	238
267	238
268	238
278	238
283	238
286	238
287	238
291	238
299	238
319	238
320	238
322	238
325	238
326	238
332	238
334	238
335	238
339	238
340	238
355	238
356	238
360	238
361	238
4	239
5	239
16	239
19	239
38	239
92	239
96	239
98	239
100	239
105	239
109	239
111	239
120	239
139	239
141	239
144	239
149	239
150	239
152	239
153	239
160	239
161	239
162	239
163	239
164	239
165	239
199	239
202	239
203	239
204	239
205	239
206	239
208	239
213	239
219	239
221	239
223	239
225	239
233	239
237	239
267	239
278	239
280	239
281	239
282	239
287	239
291	239
299	239
320	239
321	239
326	239
327	239
332	239
335	239
336	239
338	239
340	239
341	239
356	239
357	239
358	239
361	239
362	239
5	240
16	240
19	240
38	240
91	240
96	240
98	240
100	240
105	240
109	240
111	240
112	240
119	240
120	240
139	240
141	240
145	240
146	240
155	240
156	240
157	240
158	240
159	240
200	240
206	240
207	240
209	240
213	240
214	240
216	240
219	240
220	240
221	240
223	240
225	240
226	240
237	240
238	240
266	240
267	240
276	240
277	240
282	240
283	240
287	240
289	240
291	240
299	240
321	240
322	240
323	240
324	240
327	240
328	240
329	240
331	240
333	240
336	240
337	240
339	240
341	240
342	240
358	240
359	240
5	241
6	241
7	241
16	241
17	241
18	241
19	241
38	241
91	241
95	241
98	241
100	241
105	241
108	241
109	241
112	241
119	241
139	241
141	241
144	241
147	241
152	241
153	241
154	241
200	241
205	241
207	241
209	241
214	241
216	241
219	241
221	241
224	241
226	241
236	241
238	241
239	241
265	241
266	241
278	241
283	241
285	241
286	241
287	241
289	241
291	241
294	241
299	241
324	241
325	241
329	241
330	241
333	241
334	241
335	241
337	241
338	241
342	241
343	241
359	241
360	241
15	242
37	242
91	242
95	242
98	242
100	242
102	242
103	242
105	242
109	242
111	242
114	242
119	242
139	242
141	242
145	242
149	242
150	242
152	242
200	242
204	242
205	242
207	242
209	242
211	242
214	242
216	242
219	242
222	242
224	242
226	242
239	242
240	242
264	242
265	242
283	242
287	242
289	242
291	242
294	242
299	242
330	242
331	242
338	242
339	242
343	242
344	242
345	242
360	242
361	242
15	243
37	243
91	243
95	243
97	243
100	243
102	243
105	243
108	243
111	243
114	243
115	243
119	243
139	243
141	243
145	243
148	243
153	243
154	243
200	243
201	243
204	243
207	243
209	243
210	243
217	243
220	243
225	243
240	243
241	243
264	243
267	243
283	243
284	243
289	243
291	243
294	243
299	243
331	243
332	243
340	243
341	243
345	243
346	243
361	243
362	243
15	244
37	244
90	244
93	244
95	244
97	244
100	244
102	244
105	244
108	244
112	244
115	244
116	244
119	244
139	244
140	244
141	244
145	244
149	244
152	244
153	244
200	244
201	244
202	244
207	244
215	244
217	244
220	244
221	244
223	244
225	244
237	244
241	244
242	244
263	244
264	244
268	244
284	244
285	244
286	244
287	244
289	244
291	244
294	244
297	244
333	244
334	244
341	244
342	244
346	244
347	244
348	244
362	244
363	244
12	245
14	245
37	245
90	245
93	245
95	245
97	245
100	245
102	245
105	245
108	245
112	245
116	245
119	245
145	245
153	245
200	245
208	245
215	245
217	245
221	245
223	245
225	245
233	245
234	245
236	245
237	245
238	245
242	245
243	245
261	245
262	245
263	245
265	245
266	245
269	245
270	245
271	245
284	245
287	245
289	245
291	245
294	245
297	245
334	245
335	245
342	245
343	245
348	245
363	245
364	245
365	245
366	245
13	246
32	246
33	246
37	246
90	246
93	246
95	246
97	246
99	246
102	246
105	246
108	246
112	246
114	246
116	246
119	246
145	246
146	246
150	246
151	246
153	246
200	246
201	246
208	246
216	246
218	246
220	246
221	246
223	246
226	246
227	246
235	246
239	246
240	246
241	246
244	246
245	246
246	246
257	246
258	246
259	246
260	246
261	246
267	246
268	246
272	246
273	246
274	246
284	246
287	246
289	246
291	246
294	246
297	246
335	246
336	246
343	246
348	246
366	246
367	246
31	247
32	247
36	247
90	247
93	247
97	247
99	247
102	247
105	247
108	247
111	247
115	247
118	247
119	247
146	247
149	247
150	247
152	247
153	247
201	247
202	247
203	247
208	247
216	247
218	247
223	247
224	247
247	247
248	247
249	247
254	247
255	247
256	247
257	247
265	247
268	247
269	247
270	247
275	247
276	247
277	247
284	247
289	247
291	247
292	247
294	247
296	247
297	247
336	247
344	247
347	247
348	247
367	247
368	247
29	248
31	248
36	248
90	248
94	248
97	248
100	248
102	248
105	248
108	248
111	248
118	248
146	248
153	248
155	248
156	248
157	248
158	248
203	248
209	248
216	248
218	248
221	248
222	248
250	248
251	248
252	248
253	248
263	248
264	248
270	248
271	248
272	248
278	248
279	248
285	248
286	248
287	248
292	248
295	248
296	248
336	248
337	248
344	248
345	248
368	248
369	248
21	249
23	249
29	249
31	249
36	249
90	249
94	249
97	249
99	249
102	249
105	249
108	249
118	249
145	249
146	249
153	249
156	249
203	249
216	249
217	249
218	249
219	249
222	249
223	249
260	249
261	249
262	249
265	249
266	249
269	249
273	249
280	249
281	249
282	249
287	249
292	249
295	249
337	249
338	249
345	249
346	249
369	249
370	249
371	249
21	250
24	250
29	250
31	250
36	250
89	250
90	250
92	250
94	250
97	250
99	250
102	250
105	250
108	250
118	250
145	250
154	250
156	250
203	250
217	250
220	250
223	250
259	250
260	250
263	250
264	250
267	250
268	250
269	250
274	250
275	250
276	250
277	250
282	250
283	250
284	250
288	250
289	250
291	250
292	250
295	250
338	250
346	250
347	250
371	250
372	250
4	251
6	251
7	251
20	251
21	251
23	251
30	251
36	251
89	251
92	251
94	251
97	251
99	251
102	251
105	251
108	251
118	251
145	251
146	251
147	251
148	251
150	251
154	251
155	251
203	251
204	251
210	251
211	251
218	251
220	251
223	251
225	251
266	251
269	251
270	251
285	251
286	251
291	251
294	251
295	251
338	251
339	251
341	251
342	251
343	251
347	251
372	251
373	251
5	252
6	252
8	252
20	252
23	252
30	252
36	252
89	252
92	252
94	252
96	252
99	252
101	252
105	252
108	252
118	252
146	252
150	252
155	252
156	252
204	252
205	252
209	252
212	252
216	252
218	252
220	252
223	252
226	252
227	252
231	252
232	252
233	252
234	252
264	252
265	252
272	252
278	252
279	252
280	252
281	252
286	252
287	252
288	252
291	252
293	252
294	252
339	252
344	252
347	252
348	252
8	253
19	253
23	253
36	253
89	253
92	253
94	253
96	253
99	253
101	253
105	253
107	253
118	253
146	253
148	253
151	253
157	253
205	253
210	253
212	253
218	253
220	253
223	253
224	253
225	253
231	253
234	253
235	253
236	253
238	253
266	253
267	253
281	253
282	253
283	253
284	253
286	253
288	253
291	253
293	253
339	253
340	253
344	253
345	253
348	253
349	253
7	254
8	254
9	254
19	254
22	254
33	254
36	254
89	254
94	254
96	254
99	254
101	254
105	254
107	254
108	254
118	254
120	254
121	254
122	254
146	254
147	254
151	254
157	254
158	254
205	254
210	254
212	254
213	254
218	254
219	254
221	254
223	254
225	254
232	254
236	254
237	254
284	254
285	254
291	254
293	254
340	254
346	254
349	254
3	255
4	255
6	255
7	255
19	255
22	255
33	255
36	255
89	255
93	255
94	255
96	255
98	255
101	255
105	255
107	255
118	255
122	255
147	255
151	255
152	255
158	255
159	255
205	255
206	255
210	255
213	255
214	255
216	255
219	255
221	255
222	255
223	255
224	255
225	255
229	255
230	255
231	255
235	255
238	255
239	255
285	255
286	255
291	255
292	255
294	255
295	255
341	255
346	255
349	255
350	255
4	256
5	256
19	256
22	256
33	256
36	256
82	256
89	256
93	256
96	256
98	256
101	256
105	256
108	256
118	256
120	256
122	256
147	256
148	256
150	256
152	256
153	256
154	256
159	256
206	256
207	256
210	256
211	256
214	256
216	256
222	256
234	256
245	256
286	256
287	256
289	256
290	256
294	256
341	256
342	256
347	256
350	256
351	256
5	257
19	257
22	257
33	257
35	257
82	257
89	257
93	257
96	257
98	257
101	257
105	257
108	257
118	257
120	257
122	257
148	257
149	257
150	257
154	257
155	257
157	257
158	257
160	257
161	257
206	257
211	257
216	257
218	257
220	257
222	257
235	257
241	257
242	257
243	257
244	257
288	257
289	257
294	257
342	257
347	257
351	257
352	257
5	258
18	258
21	258
33	258
35	258
82	258
89	258
93	258
96	258
98	258
101	258
105	258
107	258
114	258
118	258
120	258
122	258
136	258
137	258
138	258
155	258
159	258
161	258
207	258
212	258
217	258
220	258
222	258
223	258
244	258
245	258
246	258
288	258
293	258
342	258
345	258
347	258
348	258
352	258
4	259
5	259
18	259
21	259
33	259
35	259
81	259
89	259
93	259
95	259
98	259
101	259
105	259
107	259
108	259
114	259
118	259
120	259
122	259
136	259
138	259
156	259
157	259
162	259
207	259
212	259
217	259
221	259
223	259
246	259
247	259
292	259
342	259
343	259
344	259
348	259
349	259
352	259
353	259
4	260
18	260
21	260
33	260
35	260
81	260
89	260
93	260
95	260
98	260
101	260
104	260
107	260
113	260
115	260
118	260
120	260
122	260
125	260
136	260
138	260
149	260
157	260
158	260
163	260
207	260
208	260
213	260
218	260
245	260
247	260
248	260
249	260
349	260
353	260
4	261
18	261
21	261
33	261
35	261
81	261
89	261
93	261
95	261
98	261
101	261
104	261
107	261
113	261
115	261
118	261
120	261
122	261
125	261
136	261
138	261
149	261
158	261
164	261
208	261
209	261
210	261
211	261
218	261
222	261
250	261
251	261
252	261
291	261
350	261
351	261
353	261
354	261
18	262
21	262
33	262
35	262
81	262
88	262
93	262
95	262
98	262
101	262
103	262
104	262
107	262
113	262
115	262
117	262
122	262
125	262
126	262
149	262
158	262
159	262
160	262
165	262
166	262
209	262
219	262
222	262
252	262
253	262
254	262
255	262
290	262
351	262
354	262
355	262
18	263
21	263
32	263
35	263
81	263
89	263
93	263
95	263
98	263
101	263
104	263
107	263
113	263
115	263
117	263
121	263
124	263
126	263
137	263
138	263
143	263
144	263
147	263
148	263
149	263
151	263
152	263
153	263
160	263
161	263
166	263
210	263
222	263
223	263
255	263
256	263
288	263
289	263
352	263
355	263
356	263
17	264
21	264
32	264
34	264
81	264
89	264
95	264
97	264
101	264
103	264
104	264
107	264
113	264
117	264
121	264
124	264
126	264
132	264
133	264
134	264
135	264
136	264
138	264
143	264
145	264
147	264
149	264
150	264
161	264
162	264
210	264
211	264
224	264
256	264
257	264
258	264
287	264
288	264
353	264
356	264
17	265
20	265
21	265
26	265
28	265
32	265
34	265
81	265
88	265
95	265
98	265
100	265
105	265
107	265
113	265
117	265
121	265
124	265
127	265
132	265
137	265
138	265
140	265
143	265
145	265
147	265
149	265
158	265
159	265
162	265
165	265
166	265
167	265
211	265
212	265
223	265
224	265
244	265
245	265
286	265
287	265
353	265
355	265
356	265
357	265
4	266
17	266
20	266
26	266
28	266
29	266
32	266
34	266
88	266
89	266
95	266
98	266
100	266
104	266
105	266
107	266
113	266
117	266
121	266
124	266
127	266
135	266
136	266
140	266
143	266
145	266
148	266
160	266
163	266
164	266
167	266
168	266
169	266
170	266
171	266
212	266
213	266
214	266
245	266
286	266
354	266
357	266
358	266
4	267
17	267
19	267
20	267
26	267
29	267
32	267
34	267
88	267
90	267
94	267
97	267
100	267
104	267
108	267
113	267
117	267
121	267
124	267
127	267
140	267
143	267
145	267
146	267
150	267
151	267
152	267
158	267
159	267
161	267
164	267
165	267
171	267
172	267
173	267
214	267
245	267
284	267
285	267
286	267
355	267
358	267
359	267
4	268
17	268
20	268
26	268
27	268
29	268
31	268
32	268
34	268
88	268
90	268
94	268
97	268
100	268
104	268
105	268
107	268
117	268
121	268
127	268
128	268
129	268
139	268
143	268
146	268
152	268
153	268
162	268
165	268
171	268
174	268
175	268
176	268
214	268
215	268
283	268
284	268
356	268
359	268
360	268
4	269
17	269
18	269
19	269
20	269
27	269
28	269
29	269
31	269
34	269
88	269
90	269
94	269
97	269
100	269
104	269
107	269
108	269
117	269
119	269
121	269
125	269
127	269
138	269
139	269
140	269
141	269
144	269
147	269
153	269
154	269
165	269
166	269
170	269
176	269
177	269
178	269
215	269
216	269
282	269
283	269
356	269
357	269
360	269
361	269
4	270
16	270
19	270
25	270
29	270
31	270
34	270
88	270
90	270
94	270
97	270
100	270
104	270
108	270
117	270
119	270
121	270
124	270
127	270
132	270
135	270
137	270
142	270
145	270
148	270
154	270
155	270
162	270
163	270
166	270
167	270
168	270
169	270
170	270
171	270
172	270
178	270
179	270
180	270
216	270
217	270
218	270
281	270
282	270
357	270
358	270
361	270
362	270
4	271
16	271
19	271
25	271
26	271
27	271
29	271
31	271
34	271
88	271
90	271
94	271
97	271
100	271
104	271
107	271
108	271
117	271
119	271
121	271
122	271
124	271
127	271
132	271
136	271
138	271
139	271
142	271
145	271
146	271
149	271
155	271
161	271
163	271
171	271
173	271
174	271
177	271
180	271
181	271
182	271
183	271
218	271
219	271
220	271
279	271
280	271
358	271
362	271
363	271
3	272
16	272
18	272
19	272
24	272
27	272
31	272
33	272
87	272
94	272
97	272
100	272
104	272
107	272
116	272
121	272
123	272
124	272
127	272
132	272
142	272
143	272
144	272
146	272
147	272
149	272
150	272
154	272
156	272
157	272
166	272
174	272
175	272
178	272
184	272
185	272
186	272
220	272
221	272
240	272
354	272
355	272
357	272
358	272
363	272
364	272
365	272
4	273
16	273
24	273
28	273
31	273
33	273
87	273
94	273
95	273
96	273
100	273
104	273
107	273
114	273
116	273
121	273
125	273
133	273
150	273
153	273
157	273
165	273
171	273
172	273
175	273
186	273
187	273
188	273
189	273
221	273
222	273
223	273
224	273
225	273
227	273
228	273
229	273
230	273
239	273
240	273
353	273
354	273
365	273
4	274
24	274
28	274
30	274
33	274
87	274
89	274
94	274
96	274
100	274
104	274
107	274
114	274
116	274
119	274
120	274
121	274
124	274
125	274
130	274
131	274
133	274
134	274
136	274
151	274
152	274
161	274
173	274
176	274
189	274
190	274
191	274
192	274
225	274
226	274
231	274
232	274
233	274
234	274
235	274
238	274
351	274
352	274
353	274
356	274
357	274
358	274
359	274
363	274
364	274
367	274
368	274
369	274
24	275
30	275
33	275
87	275
89	275
93	275
96	275
100	275
104	275
107	275
114	275
116	275
119	275
121	275
125	275
126	275
134	275
135	275
137	275
149	275
150	275
152	275
153	275
159	275
160	275
161	275
162	275
163	275
166	275
167	275
168	275
169	275
170	275
171	275
173	275
176	275
177	275
178	275
193	275
194	275
226	275
228	275
229	275
235	275
236	275
237	275
240	275
258	275
259	275
260	275
261	275
351	275
354	275
360	275
361	275
362	275
367	275
369	275
24	276
26	276
27	276
30	276
33	276
87	276
89	276
94	276
96	276
100	276
104	276
107	276
114	276
116	276
118	276
119	276
120	276
121	276
125	276
127	276
130	276
131	276
135	276
139	276
140	276
149	276
150	276
152	276
153	276
157	276
163	276
165	276
172	276
173	276
179	276
180	276
182	276
194	276
195	276
226	276
230	276
231	276
232	276
233	276
240	276
241	276
242	276
346	276
347	276
348	276
349	276
350	276
351	276
352	276
353	276
354	276
365	276
366	276
367	276
369	276
23	277
24	277
26	277
27	277
30	277
33	277
87	277
89	277
94	277
95	277
96	277
99	277
100	277
104	277
105	277
107	277
114	277
116	277
119	277
121	277
125	277
126	277
127	277
128	277
130	277
131	277
136	277
137	277
138	277
140	277
149	277
153	277
154	277
157	277
158	277
163	277
164	277
165	277
169	277
174	277
175	277
180	277
181	277
196	277
197	277
198	277
226	277
227	277
234	277
235	277
236	277
239	277
240	277
243	277
244	277
245	277
246	277
247	277
248	277
249	277
250	277
251	277
252	277
253	277
254	277
255	277
256	277
257	277
260	277
261	277
262	277
359	277
360	277
361	277
364	277
366	277
370	277
23	278
27	278
30	278
33	278
87	278
89	278
93	278
96	278
100	278
104	278
107	278
114	278
116	278
118	278
119	278
120	278
121	278
122	278
123	278
124	278
125	278
128	278
131	278
137	278
138	278
148	278
153	278
155	278
156	278
159	278
164	278
166	278
168	278
171	278
172	278
173	278
178	278
179	278
181	278
198	278
199	278
200	278
201	278
202	278
203	278
228	278
229	278
230	278
236	278
237	278
242	278
258	278
259	278
262	278
263	278
362	278
363	278
364	278
367	278
370	278
23	279
27	279
30	279
32	279
87	279
89	279
93	279
96	279
99	279
104	279
107	279
114	279
116	279
119	279
124	279
131	279
132	279
156	279
160	279
162	279
166	279
167	279
170	279
174	279
175	279
176	279
177	279
183	279
184	279
185	279
193	279
198	279
199	279
204	279
205	279
206	279
207	279
208	279
230	279
231	279
237	279
238	279
242	279
248	279
253	279
254	279
255	279
256	279
257	279
258	279
365	279
366	279
371	279
23	280
26	280
29	280
30	280
32	280
87	280
93	280
96	280
100	280
104	280
107	280
116	280
119	280
121	280
124	280
132	280
156	280
157	280
161	280
171	280
172	280
173	280
182	280
186	280
193	280
198	280
208	280
209	280
210	280
211	280
232	280
233	280
234	280
235	280
238	280
239	280
240	280
249	280
250	280
251	280
252	280
288	280
289	280
290	280
291	280
292	280
293	280
296	280
297	280
298	280
299	280
300	280
301	280
362	280
363	280
364	280
370	280
23	281
26	281
29	281
32	281
86	281
87	281
93	281
96	281
100	281
104	281
106	281
107	281
119	281
121	281
124	281
132	281
135	281
157	281
158	281
161	281
162	281
164	281
165	281
166	281
167	281
170	281
176	281
181	281
182	281
187	281
188	281
189	281
193	281
194	281
198	281
241	281
242	281
243	281
244	281
245	281
246	281
247	281
250	281
271	281
275	281
281	281
282	281
283	281
284	281
285	281
286	281
287	281
293	281
294	281
295	281
301	281
365	281
366	281
369	281
370	281
3	282
22	282
24	282
26	282
29	282
32	282
86	282
93	282
96	282
100	282
101	282
102	282
104	282
107	282
120	282
124	282
134	282
136	282
144	282
156	282
158	282
159	282
163	282
165	282
169	282
171	282
176	282
177	282
178	282
179	282
180	282
181	282
194	282
195	282
213	282
214	282
215	282
216	282
251	282
253	282
254	282
255	282
256	282
260	282
261	282
262	282
263	282
264	282
265	282
266	282
267	282
268	282
269	282
270	282
272	282
273	282
274	282
276	282
277	282
278	282
279	282
280	282
284	282
360	282
368	282
369	282
2	283
22	283
26	283
29	283
32	283
86	283
93	283
95	283
103	283
104	283
107	283
120	283
124	283
128	283
129	283
130	283
134	283
136	283
145	283
156	283
159	283
160	283
161	283
166	283
167	283
168	283
169	283
171	283
176	283
188	283
189	283
190	283
191	283
194	283
198	283
208	283
211	283
217	283
218	283
219	283
220	283
221	283
222	283
223	283
238	283
239	283
240	283
241	283
242	283
245	283
246	283
247	283
248	283
249	283
250	283
251	283
252	283
257	283
258	283
259	283
287	283
293	283
298	283
299	283
300	283
301	283
302	283
303	283
304	283
305	283
306	283
307	283
309	283
310	283
359	283
360	283
364	283
365	283
366	283
367	283
368	283
2	284
22	284
26	284
29	284
32	284
86	284
93	284
95	284
99	284
104	284
107	284
120	284
121	284
128	284
133	284
134	284
135	284
136	284
145	284
146	284
157	284
161	284
162	284
170	284
180	284
181	284
186	284
187	284
192	284
193	284
194	284
198	284
199	284
207	284
208	284
209	284
210	284
224	284
225	284
226	284
227	284
228	284
229	284
230	284
231	284
232	284
233	284
234	284
235	284
236	284
237	284
238	284
243	284
244	284
273	284
287	284
288	284
289	284
290	284
291	284
292	284
293	284
294	284
295	284
296	284
297	284
298	284
308	284
310	284
360	284
361	284
362	284
363	284
1	285
22	285
26	285
29	285
31	285
86	285
93	285
95	285
99	285
104	285
107	285
120	285
123	285
128	285
133	285
136	285
146	285
147	285
155	285
159	285
162	285
163	285
164	285
165	285
170	285
174	285
175	285
176	285
177	285
178	285
182	285
184	285
185	285
186	285
189	285
190	285
195	285
196	285
197	285
198	285
202	285
203	285
204	285
205	285
206	285
207	285
212	285
271	285
272	285
273	285
274	285
275	285
276	285
277	285
278	285
279	285
0	286
1	286
21	286
26	286
29	286
31	286
86	286
93	286
95	286
99	286
104	286
107	286
115	286
120	286
123	286
124	286
127	286
128	286
129	286
130	286
131	286
133	286
137	286
138	286
147	286
148	286
156	286
160	286
163	286
174	286
179	286
183	286
184	286
188	286
191	286
193	286
194	286
201	286
202	286
211	286
235	286
243	286
271	286
273	286
302	286
303	286
304	286
0	287
21	287
26	287
29	287
31	287
86	287
93	287
95	287
99	287
104	287
107	287
115	287
120	287
122	287
123	287
125	287
126	287
127	287
130	287
131	287
132	287
133	287
138	287
139	287
142	287
143	287
148	287
149	287
157	287
158	287
161	287
165	287
172	287
173	287
175	287
176	287
177	287
182	287
183	287
187	287
190	287
192	287
193	287
200	287
201	287
210	287
211	287
224	287
231	287
232	287
233	287
234	287
240	287
241	287
242	287
247	287
248	287
250	287
251	287
252	287
271	287
302	287
304	287
1	288
21	288
26	288
28	288
31	288
86	288
93	288
95	288
99	288
104	288
107	288
115	288
120	288
123	288
128	288
132	288
133	288
139	288
140	288
142	288
145	288
146	288
148	288
155	288
159	288
160	288
163	288
165	288
166	288
167	288
168	288
171	288
178	288
181	288
182	288
185	288
186	288
187	288
192	288
199	288
200	288
208	288
209	288
210	288
222	288
223	288
224	288
229	288
230	288
233	288
235	288
237	288
238	288
239	288
249	288
250	288
252	288
271	288
272	288
273	288
274	288
275	288
276	288
277	288
290	288
304	288
305	288
306	288
1	289
9	289
21	289
25	289
28	289
31	289
86	289
92	289
95	289
99	289
104	289
107	289
115	289
120	289
123	289
140	289
141	289
146	289
148	289
156	289
157	289
158	289
161	289
163	289
164	289
170	289
180	289
181	289
190	289
191	289
198	289
199	289
201	289
207	289
208	289
218	289
220	289
221	289
224	289
230	289
232	289
236	289
237	289
239	289
249	289
252	289
254	289
255	289
256	289
257	289
258	289
259	289
260	289
261	289
262	289
263	289
264	289
265	289
266	289
267	289
268	289
269	289
270	289
288	289
289	289
290	289
306	289
307	289
308	289
9	290
21	290
25	290
28	290
30	290
31	290
86	290
92	290
95	290
99	290
104	290
107	290
115	290
120	290
123	290
133	290
137	290
138	290
147	290
158	290
159	290
165	290
166	290
179	290
180	290
184	290
190	290
193	290
194	290
197	290
198	290
206	290
207	290
216	290
217	290
218	290
220	290
223	290
224	290
229	290
230	290
232	290
234	290
240	290
241	290
242	290
243	290
244	290
245	290
246	290
247	290
248	290
249	290
251	290
252	290
253	290
254	290
271	290
272	290
273	290
279	290
283	290
284	290
285	290
286	290
287	290
308	290
309	290
310	290
9	291
21	291
25	291
28	291
30	291
86	291
92	291
94	291
99	291
104	291
107	291
115	291
120	291
122	291
123	291
133	291
137	291
140	291
142	291
143	291
146	291
148	291
158	291
159	291
160	291
161	291
162	291
178	291
179	291
185	291
186	291
189	291
190	291
194	291
195	291
197	291
199	291
206	291
216	291
222	291
223	291
227	291
228	291
229	291
230	291
232	291
234	291
238	291
239	291
240	291
249	291
251	291
254	291
255	291
256	291
257	291
258	291
259	291
260	291
261	291
262	291
263	291
264	291
273	291
274	291
275	291
276	291
277	291
278	291
279	291
281	291
283	291
310	291
311	291
313	291
4	292
9	292
20	292
21	292
25	292
28	292
86	292
92	292
94	292
99	292
104	292
107	292
115	292
120	292
122	292
133	292
137	292
138	292
141	292
144	292
146	292
148	292
158	292
160	292
162	292
163	292
166	292
177	292
178	292
185	292
188	292
189	292
196	292
200	292
202	292
205	292
206	292
215	292
216	292
221	292
222	292
230	292
232	292
234	292
238	292
243	292
244	292
245	292
246	292
247	292
248	292
249	292
251	292
252	292
253	292
270	292
271	292
272	292
273	292
281	292
283	292
294	292
311	292
312	292
4	293
8	293
9	293
20	293
25	293
28	293
86	293
92	293
94	293
99	293
104	293
107	293
115	293
120	293
122	293
131	293
133	293
138	293
139	293
141	293
142	293
144	293
151	293
152	293
163	293
164	293
165	293
177	293
184	293
185	293
196	293
201	293
203	293
204	293
214	293
215	293
220	293
221	293
227	293
228	293
229	293
233	293
235	293
236	293
238	293
240	293
241	293
242	293
243	293
248	293
272	293
281	293
283	293
284	293
295	293
313	293
314	293
4	294
20	294
25	294
28	294
86	294
92	294
94	294
99	294
104	294
107	294
120	294
122	294
130	294
131	294
132	294
133	294
139	294
143	294
146	294
147	294
151	294
154	294
165	294
166	294
176	294
177	294
183	294
184	294
195	294
196	294
198	294
200	294
201	294
203	294
214	294
218	294
219	294
220	294
228	294
231	294
238	294
243	294
244	294
245	294
246	294
247	294
248	294
271	294
281	294
284	294
296	294
314	294
315	294
3	295
20	295
25	295
28	295
85	295
92	295
94	295
99	295
104	295
107	295
116	295
117	295
118	295
120	295
122	295
133	295
138	295
140	295
141	295
143	295
144	295
146	295
151	295
152	295
155	295
166	295
167	295
168	295
183	295
184	295
195	295
199	295
200	295
213	295
214	295
225	295
230	295
232	295
237	295
238	295
248	295
271	295
282	295
285	295
286	295
287	295
288	295
296	295
297	295
315	295
316	295
317	295
3	296
20	296
24	296
27	296
85	296
89	296
92	296
94	296
99	296
103	296
107	296
116	296
120	296
122	296
141	296
145	296
152	296
153	296
156	296
165	296
169	296
175	296
176	296
185	296
186	296
195	296
199	296
213	296
216	296
218	296
226	296
227	296
232	296
236	296
237	296
245	296
247	296
248	296
271	296
282	296
286	296
288	296
297	296
298	296
318	296
3	297
20	297
24	297
27	297
85	297
89	297
92	297
94	297
99	297
103	297
107	297
116	297
120	297
122	297
142	297
143	297
144	297
146	297
147	297
153	297
154	297
157	297
165	297
167	297
170	297
171	297
175	297
182	297
195	297
198	297
199	297
212	297
213	297
215	297
216	297
217	297
227	297
232	297
233	297
236	297
246	297
247	297
271	297
285	297
319	297
320	297
3	298
20	298
24	298
27	298
85	298
89	298
92	298
94	298
99	298
103	298
107	298
116	298
120	298
122	298
130	298
131	298
133	298
141	298
143	298
144	298
146	298
149	298
154	298
155	298
158	298
159	298
168	298
172	298
174	298
181	298
183	298
184	298
185	298
186	298
194	298
195	298
198	298
210	298
212	298
215	298
226	298
227	298
228	298
231	298
232	298
234	298
235	298
246	298
249	298
271	298
282	298
283	298
284	298
285	298
321	298
3	299
20	299
24	299
27	299
85	299
89	299
91	299
94	299
99	299
103	299
107	299
116	299
120	299
122	299
128	299
131	299
133	299
134	299
140	299
142	299
144	299
147	299
148	299
149	299
156	299
159	299
160	299
163	299
169	299
170	299
173	299
180	299
185	299
187	299
188	299
194	299
197	299
198	299
211	299
212	299
214	299
226	299
228	299
231	299
235	299
246	299
248	299
271	299
1	300
3	300
20	300
24	300
27	300
85	300
89	300
91	300
94	300
99	300
103	300
105	300
106	300
107	300
116	300
119	300
120	300
122	300
128	300
129	300
131	300
135	300
140	300
142	300
145	300
156	300
157	300
159	300
163	300
170	300
171	300
172	300
181	300
182	300
188	300
189	300
190	300
191	300
194	300
197	300
211	300
214	300
226	300
228	300
229	300
230	300
231	300
234	300
235	300
246	300
248	300
271	300
1	301
3	301
19	301
24	301
27	301
85	301
89	301
91	301
93	301
99	301
102	301
107	301
114	301
116	301
118	301
119	301
121	301
122	301
140	301
152	301
158	301
161	301
162	301
163	301
172	301
173	301
175	301
177	301
180	301
183	301
184	301
191	301
194	301
196	301
211	301
214	301
225	301
228	301
230	301
234	301
246	301
248	301
271	301
1	302
3	302
19	302
23	302
24	302
26	302
85	302
89	302
91	302
93	302
103	302
107	302
114	302
116	302
118	302
121	302
153	302
159	302
164	302
165	302
173	302
174	302
175	302
177	302
179	302
180	302
184	302
185	302
186	302
187	302
188	302
194	302
196	302
210	302
213	302
214	302
225	302
228	302
230	302
234	302
246	302
248	302
271	302
0	303
2	303
3	303
19	303
24	303
26	303
85	303
89	303
91	303
93	303
95	303
102	303
106	303
114	303
116	303
118	303
121	303
154	303
156	303
160	303
161	303
162	303
165	303
166	303
167	303
177	303
179	303
188	303
189	303
190	303
194	303
196	303
211	303
213	303
225	303
226	303
227	303
228	303
230	303
234	303
246	303
247	303
248	303
2	304
14	304
19	304
24	304
26	304
85	304
89	304
91	304
93	304
95	304
98	304
102	304
103	304
104	304
106	304
114	304
115	304
116	304
118	304
121	304
154	304
155	304
162	304
168	304
169	304
170	304
177	304
178	304
191	304
192	304
196	304
210	304
213	304
227	304
229	304
230	304
231	304
232	304
233	304
246	304
2	305
5	305
13	305
19	305
24	305
26	305
84	305
89	305
91	305
93	305
96	305
98	305
106	305
116	305
117	305
118	305
121	305
124	305
125	305
126	305
127	305
150	305
156	305
170	305
177	305
178	305
179	305
180	305
181	305
188	305
189	305
190	305
194	305
196	305
209	305
210	305
213	305
228	305
230	305
232	305
2	306
5	306
13	306
18	306
23	306
26	306
84	306
89	306
91	306
93	306
94	306
95	306
98	306
102	306
103	306
104	306
105	306
106	306
116	306
118	306
121	306
127	306
128	306
151	306
153	306
154	306
155	306
157	306
158	306
177	306
181	306
187	306
191	306
192	306
193	306
196	306
197	306
198	306
199	306
203	306
210	306
211	306
212	306
213	306
228	306
2	307
4	307
13	307
18	307
23	307
26	307
84	307
89	307
91	307
96	307
98	307
106	307
116	307
118	307
119	307
121	307
128	307
147	307
148	307
149	307
177	307
178	307
179	307
193	307
194	307
195	307
200	307
201	307
202	307
1	308
2	308
4	308
12	308
13	308
18	308
23	308
26	308
84	308
88	308
90	308
95	308
98	308
104	308
106	308
116	308
119	308
121	308
128	308
129	308
130	308
138	308
144	308
145	308
146	308
153	308
154	308
179	308
180	308
196	308
197	308
198	308
199	308
203	308
204	308
205	308
206	308
1	309
4	309
12	309
14	309
18	309
23	309
25	309
26	309
84	309
88	309
90	309
95	309
98	309
99	309
104	309
106	309
116	309
118	309
121	309
130	309
138	309
139	309
140	309
144	309
146	309
155	309
180	309
181	309
182	309
200	309
201	309
206	309
207	309
208	309
209	309
1	310
3	310
4	310
12	310
14	310
25	310
84	310
88	310
90	310
92	310
95	310
98	310
102	310
104	310
106	310
122	310
131	310
132	310
141	310
142	310
144	310
155	310
156	310
157	310
158	310
159	310
160	310
165	310
166	310
183	310
184	310
185	310
202	310
203	310
204	310
205	310
210	310
211	310
212	310
1	311
12	311
25	311
84	311
88	311
90	311
92	311
95	311
98	311
102	311
104	311
106	311
121	311
132	311
133	311
142	311
143	311
144	311
146	311
147	311
149	311
150	311
161	311
162	311
163	311
164	311
167	311
168	311
169	311
182	311
185	311
186	311
187	311
188	311
189	311
206	311
207	311
213	311
214	311
215	311
1	312
12	312
18	312
22	312
25	312
84	312
88	312
90	312
92	312
95	312
98	312
103	312
106	312
121	312
133	312
134	312
146	312
148	312
150	312
151	312
152	312
164	312
165	312
182	312
190	312
193	312
207	312
208	312
209	312
210	312
211	312
216	312
217	312
218	312
219	312
1	313
12	313
17	313
18	313
22	313
25	313
84	313
88	313
90	313
92	313
95	313
97	313
98	313
102	313
103	313
106	313
121	313
135	313
136	313
137	313
138	313
146	313
148	313
152	313
153	313
154	313
165	313
166	313
167	313
183	313
184	313
190	313
191	313
192	313
193	313
194	313
212	313
213	313
214	313
220	313
221	313
222	313
223	313
1	314
10	314
11	314
17	314
19	314
22	314
24	314
25	314
84	314
88	314
90	314
92	314
95	314
97	314
106	314
121	314
133	314
134	314
138	314
139	314
146	314
148	314
155	314
156	314
167	314
168	314
185	314
186	314
195	314
196	314
197	314
215	314
216	314
217	314
224	314
225	314
226	314
0	315
8	315
10	315
17	315
19	315
22	315
23	315
24	315
84	315
88	315
90	315
92	315
95	315
97	315
99	315
100	315
101	315
106	315
121	315
132	315
135	315
139	315
140	315
146	315
148	315
156	315
157	315
161	315
162	315
163	315
168	315
169	315
170	315
171	315
172	315
173	315
180	315
181	315
182	315
183	315
186	315
187	315
188	315
189	315
190	315
198	315
199	315
200	315
202	315
203	315
204	315
218	315
219	315
220	315
221	315
222	315
226	315
0	316
7	316
9	316
17	316
19	316
84	316
87	316
90	316
92	316
95	316
97	316
99	316
106	316
121	316
132	316
133	316
136	316
140	316
141	316
146	316
148	316
158	316
159	316
160	316
163	316
164	316
165	316
173	316
174	316
175	316
176	316
177	316
183	316
184	316
190	316
204	316
205	316
206	316
207	316
223	316
224	316
225	316
226	316
7	317
9	317
12	317
15	317
17	317
19	317
84	317
87	317
89	317
92	317
96	317
100	317
105	317
121	317
137	317
138	317
141	317
142	317
146	317
149	317
156	317
160	317
161	317
165	317
166	317
176	317
178	317
179	317
185	317
186	317
187	317
188	317
190	317
207	317
208	317
226	317
6	318
7	318
8	318
9	318
10	318
11	318
12	318
15	318
17	318
19	318
83	318
87	318
89	318
92	318
100	318
105	318
121	318
136	318
139	318
142	318
143	318
149	318
157	318
161	318
162	318
163	318
167	318
179	318
180	318
181	318
182	318
189	318
195	318
201	318
208	318
6	319
8	319
12	319
15	319
17	319
19	319
20	319
83	319
87	319
89	319
92	319
105	319
121	319
136	319
137	319
140	319
141	319
144	319
146	319
149	319
158	319
159	319
160	319
164	319
165	319
168	319
169	319
170	319
183	319
184	319
185	319
191	319
192	319
193	319
194	319
196	319
202	319
203	319
204	319
205	319
207	319
210	319
211	319
6	320
8	320
15	320
17	320
20	320
83	320
87	320
89	320
92	320
105	320
122	320
137	320
138	320
139	320
142	320
143	320
146	320
147	320
148	320
160	320
161	320
165	320
166	320
171	320
186	320
187	320
188	320
197	320
206	320
207	320
208	320
209	320
213	320
5	321
15	321
17	321
20	321
83	321
87	321
89	321
92	321
105	321
122	321
140	321
144	321
147	321
162	321
163	321
167	321
168	321
169	321
189	321
190	321
191	321
202	321
203	321
204	321
210	321
211	321
212	321
213	321
5	322
16	322
20	322
83	322
87	322
89	322
91	322
105	322
122	322
141	322
142	322
145	322
147	322
149	322
150	322
151	322
152	322
164	322
169	322
170	322
171	322
192	322
193	322
194	322
195	322
204	322
205	322
206	322
207	322
208	322
214	322
215	322
5	323
14	323
16	323
20	323
83	323
87	323
89	323
91	323
105	323
122	323
143	323
147	323
149	323
152	323
153	323
172	323
173	323
196	323
197	323
198	323
199	323
200	323
209	323
210	323
211	323
212	323
5	324
14	324
16	324
18	324
20	324
21	324
22	324
83	324
87	324
89	324
91	324
102	324
105	324
144	324
145	324
147	324
149	324
150	324
173	324
174	324
200	324
201	324
202	324
205	324
206	324
207	324
213	324
214	324
215	324
216	324
217	324
5	325
14	325
16	325
18	325
83	325
87	325
89	325
91	325
102	325
105	325
147	325
149	325
150	325
176	325
177	325
202	325
203	325
204	325
208	325
209	325
217	325
218	325
219	325
220	325
221	325
222	325
5	326
11	326
13	326
15	326
18	326
83	326
87	326
89	326
90	326
91	326
102	326
104	326
148	326
150	326
177	326
178	326
179	326
209	326
210	326
211	326
212	326
213	326
214	326
215	326
222	326
223	326
5	327
11	327
12	327
14	327
16	327
18	327
83	327
87	327
89	327
91	327
102	327
104	327
148	327
149	327
150	327
180	327
181	327
216	327
217	327
4	328
14	328
16	328
18	328
32	328
83	328
87	328
89	328
91	328
94	328
102	328
104	328
217	328
218	328
219	328
220	328
4	329
14	329
16	329
18	329
32	329
83	329
87	329
89	329
91	329
94	329
102	329
104	329
220	329
4	330
14	330
16	330
17	330
19	330
32	330
82	330
87	330
89	330
91	330
94	330
96	330
102	330
104	330
4	331
9	331
10	331
14	331
32	331
82	331
89	331
91	331
94	331
95	331
102	331
104	331
4	332
9	332
14	332
16	332
32	332
82	332
86	332
88	332
91	332
93	332
102	332
104	332
4	333
9	333
11	333
12	333
13	333
15	333
17	333
31	333
82	333
86	333
88	333
90	333
91	333
93	333
102	333
104	333
4	334
9	334
11	334
14	334
15	334
17	334
31	334
82	334
86	334
88	334
91	334
94	334
102	334
104	334
3	335
9	335
11	335
15	335
17	335
31	335
82	335
86	335
88	335
91	335
94	335
104	335
3	336
9	336
11	336
15	336
17	336
31	336
82	336
86	336
88	336
91	336
94	336
101	336
103	336
3	337
9	337
11	337
13	337
15	337
32	337
82	337
86	337
88	337
91	337
93	337
101	337
103	337
3	338
9	338
13	338
15	338
31	338
82	338
86	338
88	338
91	338
93	338
101	338
103	338
3	339
9	339
13	339
15	339
31	339
82	339
86	339
88	339
91	339
93	339
96	339
101	339
103	339
3	340
8	340
10	340
13	340
15	340
31	340
82	340
86	340
88	340
90	340
93	340
95	340
101	340
103	340
8	341
10	341
13	341
31	341
81	341
86	341
90	341
93	341
95	341
101	341
103	341
8	342
10	342
31	342
81	342
86	342
92	342
93	342
95	342
101	342
103	342
8	343
10	343
30	343
81	343
86	343
92	343
95	343
101	343
103	343
8	344
10	344
12	344
30	344
81	344
92	344
95	344
101	344
103	344
0	345
1	345
2	345
3	345
4	345
8	345
10	345
11	345
30	345
81	345
92	345
95	345
101	345
103	345
8	346
11	346
30	346
81	346
92	346
94	346
101	346
102	346
103	346
8	347
11	347
30	347
81	347
92	347
94	347
102	347
8	348
10	348
30	348
74	348
81	348
92	348
94	348
102	348
103	348
6	349
7	349
8	349
9	349
10	349
30	349
74	349
77	349
81	349
92	349
94	349
102	349
14	350
29	350
30	350
74	350
77	350
81	350
92	350
94	350
96	350
102	350
103	350
11	351
14	351
29	351
74	351
77	351
81	351
92	351
94	351
96	351
102	351
12	352
14	352
29	352
74	352
76	352
77	352
78	352
80	352
92	352
94	352
96	352
102	352
12	353
14	353
28	353
74	353
76	353
80	353
91	353
94	353
96	353
102	353
12	354
14	354
27	354
28	354
29	354
74	354
76	354
80	354
91	354
93	354
96	354
102	354
12	355
14	355
74	355
76	355
80	355
91	355
93	355
96	355
102	355
12	356
14	356
18	356
74	356
76	356
80	356
88	356
91	356
93	356
96	356
102	356
11	357
14	357
18	357
19	357
74	357
76	357
80	357
88	357
90	357
93	357
96	357
102	357
11	358
14	358
19	358
74	358
76	358
80	358
87	358
90	358
92	358
96	358
102	358
11	359
14	359
19	359
74	359
76	359
80	359
87	359
90	359
92	359
96	359
102	359
11	360
13	360
19	360
74	360
76	360
80	360
87	360
90	360
93	360
97	360
101	360
11	361
13	361
19	361
74	361
76	361
80	361
87	361
90	361
93	361
97	361
101	361
9	362
11	362
13	362
19	362
74	362
76	362
80	362
87	362
90	362
93	362
95	362
97	362
101	362
9	363
11	363
13	363
15	363
19	363
74	363
76	363
80	363
87	363
89	363
90	363
92	363
95	363
97	363
101	363
9	364
11	364
13	364
15	364
19	364
74	364
76	364
80	364
86	364
89	364
92	364
95	364
97	364
101	364
9	365
11	365
13	365
15	365
19	365
74	365
76	365
80	365
86	365
89	365
91	365
95	365
97	365
101	365
9	366
11	366
13	366
15	366
18	366
74	366
76	366
79	366
86	366
89	366
91	366
95	366
96	366
97	366
101	366
8	367
9	367
11	367
13	367
15	367
18	367
73	367
76	367
79	367
86	367
89	367
91	367
95	367
97	367
101	367
8	368
11	368
13	368
15	368
18	368
73	368
76	368
79	368
86	368
89	368
91	368
95	368
97	368
101	368
8	369
10	369
13	369
15	369
18	369
73	369
76	369
79	369
86	369
88	369
91	369
95	369
97	369
101	369
8	370
10	370
13	370
15	370
18	370
73	370
75	370
79	370
86	370
88	370
91	370
95	370
97	370
101	370
8	371
10	371
12	371
15	371
18	371
28	371
73	371
75	371
79	371
86	371
88	371
91	371
93	371
95	371
98	371
101	371
8	372
10	372
12	372
14	372
18	372
28	372
29	372
73	372
75	372
79	372
86	372
88	372
91	372
92	372
95	372
98	372
101	372
8	373
10	373
12	373
14	373
18	373
25	373
26	373
27	373
28	373
73	373
75	373
79	373
84	373
86	373
88	373
90	373
91	373
95	373
97	373
101	373
2	374
8	374
10	374
12	374
15	374
25	374
73	374
75	374
79	374
82	374
85	374
88	374
90	374
95	374
98	374
101	374
1	375
2	375
8	375
10	375
12	375
15	375
25	375
73	375
75	375
79	375
82	375
86	375
88	375
90	375
95	375
98	375
100	375
1	376
7	376
10	376
12	376
15	376
25	376
73	376
75	376
79	376
82	376
88	376
90	376
92	376
94	376
95	376
98	376
100	376
0	377
2	377
7	377
10	377
12	377
15	377
25	377
73	377
75	377
79	377
82	377
88	377
90	377
92	377
94	377
96	377
98	377
100	377
2	378
7	378
10	378
12	378
15	378
25	378
73	378
75	378
79	378
82	378
85	378
87	378
89	378
92	378
94	378
96	378
98	378
100	378
2	379
6	379
7	379
10	379
12	379
14	379
25	379
73	379
75	379
79	379
82	379
85	379
87	379
89	379
92	379
94	379
96	379
98	379
100	379
2	380
10	380
12	380
15	380
21	380
25	380
73	380
75	380
79	380
82	380
85	380
87	380
89	380
92	380
94	380
96	380
98	380
100	380
1	381
2	381
12	381
15	381
21	381
23	381
25	381
26	381
27	381
73	381
75	381
79	381
82	381
84	381
87	381
89	381
92	381
94	381
96	381
98	381
100	381
1	382
9	382
11	382
12	382
15	382
17	382
21	382
23	382
27	382
73	382
75	382
79	382
82	382
84	382
87	382
89	382
92	382
94	382
96	382
98	382
100	382
1	383
3	383
9	383
12	383
14	383
17	383
21	383
23	383
24	383
25	383
26	383
27	383
73	383
75	383
78	383
82	383
84	383
87	383
89	383
91	383
92	383
94	383
96	383
98	383
100	383
1	384
3	384
9	384
12	384
13	384
14	384
15	384
16	384
17	384
21	384
78	384
83	384
84	384
87	384
89	384
92	384
94	384
100	384
1	385
3	385
9	385
17	385
21	385
78	385
83	385
87	385
89	385
92	385
94	385
100	385
1	386
3	386
9	386
12	386
15	386
16	386
17	386
18	386
20	386
21	386
76	386
78	386
83	386
88	386
92	386
94	386
100	386
1	387
3	387
9	387
13	387
20	387
75	387
76	387
78	387
83	387
88	387
91	387
92	387
94	387
96	387
100	387
1	388
3	388
9	388
13	388
20	388
21	388
72	388
75	388
78	388
83	388
88	388
94	388
96	388
100	388
1	389
3	389
8	389
12	389
15	389
16	389
20	389
21	389
72	389
75	389
78	389
83	389
88	389
94	389
96	389
100	389
1	390
3	390
8	390
12	390
14	390
16	390
22	390
23	390
72	390
75	390
78	390
83	390
88	390
94	390
96	390
100	390
8	391
12	391
14	391
16	391
24	391
72	391
74	391
78	391
88	391
94	391
96	391
100	391
1	392
8	392
12	392
14	392
16	392
24	392
72	392
74	392
78	392
88	392
94	392
96	392
100	392
1	393
2	393
3	393
6	393
7	393
12	393
14	393
16	393
24	393
72	393
74	393
78	393
88	393
94	393
96	393
100	393
1	394
3	394
5	394
12	394
14	394
16	394
72	394
74	394
78	394
88	394
94	394
96	394
100	394
1	395
2	395
3	395
12	395
14	395
16	395
21	395
22	395
23	395
24	395
72	395
74	395
78	395
87	395
94	395
96	395
100	395
11	396
14	396
21	396
24	396
72	396
74	396
78	396
87	396
94	396
96	396
100	396
0	397
3	397
5	397
11	397
13	397
16	397
17	397
21	397
22	397
25	397
72	397
74	397
78	397
87	397
93	397
96	397
100	397
0	398
3	398
4	398
5	398
10	398
13	398
15	398
22	398
25	398
72	398
74	398
78	398
87	398
93	398
96	398
100	398
0	399
3	399
5	399
10	399
13	399
15	399
22	399
24	399
72	399
74	399
78	399
87	399
93	399
96	399
100	399
0	400
3	400
5	400
10	400
13	400
15	400
16	400
21	400
24	400
72	400
74	400
78	400
82	400
88	400
93	400
96	400
100	400
0	401
3	401
5	401
10	401
12	401
16	401
21	401
23	401
72	401
74	401
78	401
82	401
87	401
93	401
96	401
100	401
2	402
5	402
9	402
12	402
16	402
21	402
24	402
72	402
74	402
78	402
80	402
81	402
82	402
87	402
95	402
2	403
5	403
9	403
11	403
16	403
21	403
23	403
72	403
74	403
78	403
82	403
87	403
96	403
5	404
9	404
16	404
21	404
24	404
72	404
74	404
78	404
82	404
87	404
95	404
5	405
10	405
16	405
21	405
24	405
72	405
74	405
78	405
81	405
87	405
93	405
95	405
4	406
5	406
6	406
7	406
10	406
16	406
21	406
24	406
72	406
74	406
78	406
81	406
87	406
93	406
96	406
5	407
7	407
10	407
15	407
16	407
21	407
24	407
72	407
74	407
78	407
81	407
87	407
93	407
95	407
5	408
6	408
7	408
8	408
9	408
10	408
16	408
21	408
23	408
24	408
72	408
74	408
79	408
81	408
86	408
87	408
93	408
95	408
5	409
8	409
10	409
16	409
21	409
23	409
72	409
73	409
74	409
78	409
81	409
87	409
93	409
95	409
5	410
6	410
7	410
8	410
10	410
15	410
21	410
23	410
72	410
74	410
78	410
81	410
87	410
93	410
95	410
4	411
8	411
10	411
15	411
21	411
23	411
72	411
74	411
78	411
81	411
83	411
87	411
93	411
95	411
4	412
6	412
7	412
8	412
10	412
15	412
21	412
23	412
72	412
74	412
78	412
83	412
87	412
93	412
95	412
4	413
6	413
8	413
10	413
15	413
21	413
23	413
72	413
74	413
78	413
83	413
87	413
93	413
95	413
4	414
6	414
8	414
10	414
15	414
21	414
23	414
72	414
74	414
78	414
83	414
87	414
93	414
95	414
4	415
6	415
8	415
11	415
15	415
18	415
19	415
20	415
21	415
22	415
23	415
72	415
74	415
78	415
83	415
87	415
93	415
95	415
4	416
7	416
9	416
11	416
15	416
18	416
23	416
72	416
74	416
78	416
83	416
86	416
87	416
93	416
94	416
95	416
4	417
7	417
9	417
11	417
15	417
18	417
19	417
20	417
21	417
22	417
23	417
72	417
74	417
78	417
83	417
85	417
86	417
4	418
7	418
9	418
11	418
15	418
22	418
72	418
74	418
78	418
86	418
4	419
6	419
11	419
15	419
20	419
22	419
72	419
74	419
78	419
86	419
3	420
6	420
11	420
15	420
20	420
22	420
71	420
74	420
78	420
86	420
3	421
5	421
11	421
15	421
20	421
22	421
72	421
74	421
78	421
86	421
3	422
5	422
11	422
15	422
20	422
22	422
72	422
74	422
78	422
86	422
3	423
5	423
15	423
20	423
22	423
72	423
74	423
78	423
86	423
2	424
3	424
6	424
15	424
20	424
22	424
72	424
74	424
78	424
86	424
7	425
15	425
20	425
23	425
72	425
74	425
78	425
86	425
2	426
3	426
4	426
5	426
6	426
7	426
15	426
20	426
22	426
71	426
74	426
78	426
86	426
89	426
2	427
4	427
15	427
20	427
22	427
71	427
74	427
77	427
86	427
89	427
1	428
2	428
4	428
15	428
20	428
22	428
71	428
74	428
77	428
86	428
88	428
4	429
15	429
20	429
22	429
71	429
74	429
77	429
79	429
86	429
88	429
4	430
14	430
15	430
20	430
22	430
71	430
74	430
77	430
79	430
86	430
88	430
4	431
13	431
14	431
20	431
22	431
71	431
73	431
77	431
79	431
86	431
88	431
4	432
7	432
20	432
22	432
71	432
73	432
77	432
79	432
86	432
89	432
4	433
7	433
20	433
22	433
71	433
73	433
77	433
80	433
86	433
88	433
4	434
7	434
20	434
22	434
71	434
73	434
77	434
80	434
86	434
89	434
4	435
7	435
21	435
71	435
73	435
77	435
80	435
86	435
89	435
3	436
4	436
7	436
21	436
71	436
73	436
77	436
80	436
86	436
89	436
5	437
7	437
21	437
71	437
73	437
77	437
79	437
86	437
88	437
4	438
7	438
20	438
21	438
22	438
70	438
71	438
74	438
77	438
79	438
86	438
88	438
4	439
7	439
19	439
21	439
71	439
73	439
77	439
79	439
86	439
88	439
7	440
19	440
21	440
71	440
73	440
77	440
79	440
86	440
88	440
3	441
4	441
5	441
6	441
7	441
19	441
21	441
71	441
73	441
77	441
79	441
86	441
88	441
3	442
19	442
21	442
70	442
73	442
77	442
80	442
85	442
88	442
93	442
3	443
19	443
21	443
65	443
70	443
72	443
77	443
80	443
85	443
88	443
92	443
93	443
2	444
4	444
5	444
6	444
19	444
21	444
65	444
70	444
72	444
77	444
80	444
85	444
88	444
93	444
1	445
19	445
21	445
65	445
70	445
72	445
77	445
80	445
86	445
88	445
92	445
93	445
0	446
1	446
19	446
21	446
65	446
70	446
72	446
77	446
79	446
86	446
88	446
92	446
1	447
19	447
21	447
65	447
70	447
72	447
77	447
79	447
86	447
88	447
92	447
0	448
1	448
19	448
21	448
64	448
70	448
72	448
77	448
79	448
86	448
88	448
92	448
1	449
18	449
19	449
21	449
65	449
70	449
72	449
77	449
80	449
84	449
85	449
88	449
92	449
1	450
2	450
9	450
10	450
18	450
21	450
65	450
69	450
72	450
77	450
80	450
85	450
88	450
92	450
1	451
3	451
5	451
6	451
7	451
8	451
9	451
19	451
21	451
65	451
69	451
77	451
80	451
86	451
88	451
92	451
1	452
3	452
5	452
19	452
21	452
65	452
69	452
77	452
80	452
86	452
88	452
92	452
1	453
5	453
18	453
21	453
65	453
69	453
77	453
80	453
86	453
88	453
92	453
1	454
3	454
4	454
5	454
18	454
21	454
65	454
69	454
77	454
79	454
80	454
86	454
88	454
92	454
1	455
3	455
5	455
18	455
21	455
64	455
69	455
77	455
80	455
85	455
88	455
91	455
92	455
1	456
3	456
5	456
18	456
21	456
64	456
68	456
77	456
79	456
80	456
85	456
88	456
92	456
1	457
5	457
18	457
21	457
65	457
68	457
76	457
81	457
88	457
92	457
1	458
5	458
18	458
21	458
65	458
68	458
76	458
79	458
88	458
92	458
0	459
4	459
18	459
21	459
64	459
68	459
76	459
80	459
88	459
92	459
0	460
4	460
18	460
21	460
64	460
68	460
70	460
71	460
77	460
79	460
88	460
92	460
0	461
4	461
18	461
21	461
64	461
68	461
71	461
77	461
79	461
81	461
88	461
92	461
0	462
4	462
18	462
21	462
64	462
68	462
69	462
70	462
71	462
77	462
79	462
81	462
88	462
92	462
0	463
4	463
17	463
20	463
64	463
68	463
71	463
77	463
79	463
81	463
88	463
92	463
4	464
17	464
20	464
64	464
68	464
71	464
77	464
79	464
81	464
89	464
92	464
4	465
17	465
20	465
64	465
68	465
70	465
77	465
79	465
81	465
89	465
92	465
3	466
10	466
17	466
20	466
64	466
68	466
70	466
77	466
79	466
81	466
89	466
91	466
1	467
3	467
10	467
17	467
20	467
64	467
68	467
70	467
77	467
79	467
81	467
88	467
91	467
0	468
1	468
3	468
10	468
17	468
20	468
64	468
68	468
70	468
77	468
79	468
81	468
88	468
91	468
1	469
3	469
9	469
10	469
17	469
20	469
64	469
68	469
70	469
77	469
79	469
81	469
88	469
91	469
1	470
3	470
10	470
17	470
20	470
64	470
68	470
77	470
79	470
81	470
88	470
91	470
1	471
3	471
10	471
17	471
20	471
63	471
64	471
68	471
77	471
79	471
81	471
88	471
92	471
1	472
3	472
9	472
17	472
19	472
64	472
68	472
77	472
79	472
81	472
88	472
92	472
1	473
3	473
9	473
17	473
19	473
64	473
68	473
77	473
79	473
81	473
88	473
91	473
0	474
1	474
3	474
9	474
17	474
19	474
64	474
68	474
77	474
79	474
81	474
88	474
91	474
1	475
3	475
9	475
17	475
19	475
64	475
68	475
77	475
79	475
81	475
88	475
91	475
1	476
3	476
9	476
16	476
19	476
64	476
68	476
77	476
79	476
81	476
88	476
91	476
3	477
9	477
16	477
19	477
68	477
77	477
79	477
81	477
88	477
91	477
3	478
9	478
16	478
19	478
68	478
77	478
79	478
81	478
88	478
91	478
3	479
9	479
17	479
19	479
68	479
77	479
79	479
81	479
88	479
91	479
