80	0
165	0
166	0
175	0
182	0
184	0
188	0
197	0
202	0
207	0
210	0
213	0
215	0
217	0
221	0
223	0
225	0
231	0
232	0
239	0
243	0
244	0
246	0
247	0
248	0
250	0
252	0
253	0
258	0
261	0
262	0
267	0
272	0
275	0
278	0
282	0
286	0
288	0
291	0
79	1
80	1
165	1
167	1
174	1
175	1
181	1
184	1
188	1
197	1
202	1
207	1
210	1
213	1
215	1
217	1
219	1
221	1
223	1
225	1
231	1
232	1
233	1
234	1
239	1
240	1
241	1
258	1
259	1
262	1
263	1
267	1
272	1
279	1
281	1
282	1
286	1
288	1
291	1
292	1
79	2
162	2
164	2
165	2
168	2
169	2
173	2
176	2
177	2
178	2
181	2
183	2
187	2
188	2
196	2
202	2
204	2
206	2
207	2
210	2
213	2
215	2
217	2
219	2
223	2
225	2
235	2
236	2
237	2
241	2
242	2
259	2
260	2
263	2
264	2
268	2
272	2
273	2
280	2
288	2
289	2
292	2
294	2
295	2
296	2
79	3
162	3
164	3
173	3
175	3
177	3
180	3
183	3
186	3
196	3
198	3
201	3
204	3
206	3
211	3
213	3
217	3
219	3
222	3
224	3
226	3
237	3
238	3
243	3
244	3
248	3
261	3
264	3
265	3
269	3
273	3
274	3
278	3
280	3
287	3
289	3
292	3
293	3
296	3
78	4
163	4
172	4
173	4
176	4
179	4
182	4
185	4
186	4
190	4
191	4
196	4
198	4
201	4
203	4
204	4
206	4
211	4
213	4
217	4
219	4
220	4
222	4
224	4
226	4
238	4
239	4
240	4
241	4
248	4
249	4
262	4
265	4
266	4
268	4
270	4
274	4
279	4
280	4
281	4
285	4
288	4
290	4
293	4
77	5
78	5
172	5
178	5
181	5
184	5
185	5
189	5
191	5
192	5
196	5
198	5
201	5
203	5
205	5
211	5
214	5
217	5
220	5
224	5
226	5
242	5
243	5
244	5
250	5
251	5
254	5
259	5
263	5
266	5
270	5
274	5
275	5
278	5
281	5
282	5
285	5
287	5
290	5
291	5
293	5
294	5
77	6
162	6
171	6
175	6
178	6
180	6
187	6
188	6
192	6
196	6
198	6
201	6
203	6
205	6
211	6
214	6
217	6
220	6
224	6
226	6
244	6
245	6
246	6
251	6
252	6
255	6
256	6
260	6
266	6
267	6
275	6
278	6
282	6
286	6
291	6
294	6
76	7
77	7
160	7
162	7
170	7
171	7
174	7
177	7
180	7
185	7
188	7
190	7
196	7
198	7
200	7
203	7
205	7
211	7
214	7
217	7
220	7
222	7
226	7
246	7
247	7
253	7
257	7
264	7
267	7
268	7
275	7
276	7
282	7
285	7
289	7
292	7
294	7
295	7
354	7
76	8
159	8
161	8
162	8
169	8
170	8
173	8
176	8
184	8
187	8
190	8
195	8
198	8
200	8
202	8
205	8
211	8
213	8
217	8
220	8
222	8
223	8
226	8
247	8
248	8
255	8
258	8
262	8
265	8
268	8
269	8
276	8
282	8
288	8
290	8
292	8
295	8
300	8
301	8
354	8
75	9
76	9
161	9
167	9
168	9
169	9
171	9
175	9
178	9
182	9
184	9
186	9
191	9
195	9
197	9
200	9
202	9
205	9
210	9
211	9
213	9
217	9
223	9
226	9
240	9
248	9
249	9
250	9
252	9
253	9
256	9
259	9
262	9
264	9
269	9
270	9
276	9
277	9
283	9
290	9
293	9
295	9
296	9
301	9
354	9
75	10
158	10
160	10
172	10
174	10
177	10
179	10
181	10
184	10
186	10
190	10
195	10
197	10
202	10
204	10
207	10
213	10
217	10
219	10
223	10
226	10
240	10
241	10
242	10
250	10
251	10
254	10
260	10
263	10
265	10
270	10
271	10
277	10
278	10
284	10
291	10
293	10
296	10
301	10
354	10
75	11
159	11
160	11
170	11
171	11
174	11
176	11
183	11
186	11
190	11
195	11
197	11
199	11
202	11
204	11
207	11
213	11
217	11
219	11
223	11
226	11
242	11
243	11
251	11
252	11
255	11
256	11
264	11
266	11
268	11
271	11
275	11
278	11
284	11
291	11
293	11
296	11
301	11
354	11
74	12
159	12
173	12
178	12
180	12
182	12
183	12
185	12
190	12
195	12
197	12
199	12
201	12
204	12
207	12
213	12
217	12
219	12
223	12
227	12
229	12
230	12
243	12
244	12
245	12
246	12
247	12
252	12
253	12
257	12
260	12
265	12
268	12
271	12
272	12
275	12
278	12
284	12
291	12
293	12
297	12
301	12
302	12
354	12
74	13
159	13
172	13
177	13
182	13
185	13
187	13
189	13
191	13
192	13
195	13
199	13
201	13
203	13
205	13
207	13
214	13
217	13
219	13
223	13
225	13
227	13
230	13
231	13
232	13
233	13
234	13
247	13
248	13
253	13
254	13
258	13
259	13
267	13
272	13
273	13
278	13
284	13
286	13
292	13
294	13
297	13
298	13
302	13
354	13
74	14
156	14
158	14
171	14
172	14
176	14
179	14
181	14
184	14
187	14
189	14
192	14
194	14
198	14
201	14
203	14
205	14
207	14
209	14
214	14
217	14
219	14
225	14
227	14
229	14
234	14
235	14
238	14
248	14
249	14
254	14
255	14
259	14
260	14
264	14
267	14
273	14
274	14
279	14
285	14
292	14
294	14
298	14
302	14
303	14
354	14
73	15
157	15
158	15
171	15
176	15
178	15
184	15
187	15
189	15
192	15
194	15
198	15
200	15
202	15
205	15
207	15
209	15
214	15
217	15
219	15
225	15
227	15
236	15
237	15
250	15
255	15
256	15
260	15
261	15
268	15
274	15
279	15
285	15
292	15
294	15
298	15
302	15
303	15
304	15
354	15
355	15
72	16
73	16
157	16
170	16
175	16
178	16
184	16
187	16
189	16
192	16
194	16
198	16
200	16
202	16
205	16
207	16
209	16
214	16
217	16
219	16
225	16
227	16
229	16
230	16
231	16
232	16
238	16
239	16
250	16
251	16
256	16
257	16
261	16
262	16
267	16
274	16
275	16
279	16
280	16
285	16
292	16
294	16
295	16
298	16
299	16
355	16
72	17
154	17
156	17
170	17
172	17
174	17
177	17
180	17
183	17
187	17
189	17
192	17
194	17
198	17
200	17
202	17
205	17
207	17
210	17
214	17
217	17
219	17
225	17
227	17
233	17
234	17
235	17
239	17
240	17
241	17
251	17
252	17
253	17
257	17
258	17
262	17
263	17
268	17
275	17
280	17
286	17
293	17
295	17
299	17
355	17
72	18
154	18
156	18
169	18
174	18
176	18
180	18
183	18
187	18
189	18
191	18
192	18
198	18
200	18
205	18
207	18
209	18
214	18
217	18
219	18
223	18
225	18
227	18
235	18
236	18
237	18
241	18
242	18
253	18
254	18
258	18
259	18
263	18
264	18
269	18
275	18
276	18
281	18
286	18
293	18
296	18
300	18
355	18
71	19
155	19
168	19
173	19
176	19
183	19
187	19
189	19
191	19
193	19
195	19
197	19
199	19
201	19
202	19
205	19
207	19
209	19
214	19
217	19
219	19
223	19
225	19
227	19
242	19
243	19
254	19
255	19
259	19
260	19
264	19
265	19
270	19
276	19
277	19
281	19
286	19
293	19
294	19
296	19
300	19
71	20
155	20
170	20
173	20
175	20
179	20
181	20
186	20
189	20
191	20
195	20
197	20
199	20
202	20
203	20
206	20
209	20
214	20
217	20
219	20
223	20
225	20
227	20
240	20
241	20
244	20
245	20
255	20
256	20
260	20
261	20
265	20
266	20
271	20
277	20
281	20
287	20
292	20
294	20
296	20
300	20
70	21
71	21
154	21
167	21
169	21
172	21
175	21
179	21
182	21
186	21
191	21
194	21
197	21
199	21
203	21
206	21
209	21
214	21
217	21
219	21
223	21
225	21
227	21
245	21
246	21
248	21
253	21
257	21
261	21
262	21
266	21
267	21
268	21
271	21
277	21
278	21
282	21
287	21
292	21
294	21
296	21
300	21
70	22
154	22
166	22
169	22
171	22
172	22
174	22
178	22
182	22
186	22
187	22
190	22
191	22
194	22
196	22
198	22
200	22
202	22
204	22
206	22
209	22
214	22
217	22
219	22
221	22
223	22
225	22
228	22
246	22
252	22
258	22
262	22
263	22
268	22
278	22
282	22
286	22
287	22
291	22
294	22
297	22
300	22
70	23
153	23
166	23
168	23
171	23
177	23
178	23
182	23
187	23
190	23
194	23
196	23
198	23
202	23
204	23
206	23
209	23
214	23
217	23
219	23
221	23
223	23
228	23
247	23
248	23
250	23
253	23
259	23
263	23
268	23
269	23
272	23
278	23
279	23
282	23
287	23
290	23
294	23
297	23
69	24
70	24
165	24
167	24
170	24
173	24
177	24
179	24
182	24
190	24
193	24
195	24
198	24
201	24
204	24
206	24
209	24
214	24
217	24
219	24
223	24
225	24
229	24
248	24
251	24
254	24
260	24
263	24
264	24
269	24
270	24
273	24
277	24
279	24
282	24
288	24
290	24
294	24
297	24
300	24
69	25
164	25
167	25
170	25
172	25
176	25
177	25
182	25
190	25
193	25
195	25
197	25
201	25
204	25
206	25
209	25
214	25
217	25
220	25
223	25
225	25
229	25
232	25
233	25
249	25
252	25
260	25
261	25
264	25
265	25
270	25
271	25
274	25
279	25
280	25
283	25
288	25
293	25
295	25
297	25
301	25
69	26
166	26
169	26
171	26
176	26
181	26
183	26
190	26
192	26
195	26
197	26
200	26
201	26
203	26
206	26
209	26
214	26
217	26
220	26
223	26
226	26
229	26
234	26
247	26
248	26
250	26
256	26
261	26
262	26
265	26
266	26
271	26
272	26
280	26
283	26
288	26
293	26
295	26
297	26
298	26
302	26
69	27
163	27
166	27
168	27
169	27
171	27
176	27
181	27
183	27
189	27
190	27
192	27
194	27
197	27
199	27
200	27
203	27
206	27
209	27
214	27
217	27
220	27
223	27
226	27
229	27
230	27
231	27
232	27
234	27
235	27
236	27
251	27
252	27
257	27
263	27
266	27
267	27
272	27
273	27
277	27
281	27
283	27
288	27
293	27
295	27
298	27
302	27
68	28
163	28
165	28
168	28
171	28
175	28
181	28
183	28
189	28
192	28
194	28
196	28
199	28
203	28
206	28
209	28
214	28
217	28
220	28
223	28
226	28
228	28
230	28
233	28
236	28
237	28
238	28
252	28
255	28
258	28
264	28
267	28
273	28
276	28
281	28
284	28
288	28
292	28
295	28
296	28
298	28
302	28
68	29
162	29
164	29
165	29
167	29
170	29
174	29
175	29
180	29
182	29
183	29
186	29
189	29
191	29
194	29
196	29
198	29
203	29
206	29
209	29
214	29
217	29
220	29
223	29
226	29
238	29
253	29
256	29
259	29
265	29
267	29
268	29
273	29
274	29
276	29
277	29
282	29
284	29
289	29
296	29
299	29
302	29
67	30
161	30
164	30
167	30
169	30
174	30
180	30
182	30
186	30
188	30
191	30
193	30
196	30
198	30
199	30
203	30
206	30
209	30
214	30
217	30
220	30
223	30
234	30
235	30
238	30
239	30
254	30
257	30
260	30
266	30
268	30
269	30
274	30
275	30
278	30
282	30
284	30
289	30
297	30
299	30
302	30
67	31
160	31
163	31
164	31
166	31
169	31
174	31
180	31
182	31
186	31
188	31
191	31
193	31
195	31
198	31
203	31
205	31
209	31
214	31
217	31
219	31
221	31
223	31
235	31
239	31
255	31
258	31
261	31
267	31
269	31
270	31
275	31
279	31
282	31
285	31
289	31
297	31
299	31
302	31
67	32
160	32
162	32
163	32
166	32
168	32
169	32
174	32
180	32
182	32
185	32
186	32
188	32
191	32
193	32
195	32
197	32
198	32
202	32
205	32
209	32
214	32
217	32
219	32
221	32
235	32
239	32
256	32
259	32
261	32
262	32
268	32
270	32
271	32
272	32
273	32
275	32
276	32
279	32
280	32
283	32
285	32
290	32
296	32
299	32
303	32
66	33
159	33
162	33
165	33
168	33
173	33
179	33
181	33
185	33
187	33
190	33
192	33
195	33
197	33
202	33
205	33
209	33
214	33
217	33
219	33
227	33
235	33
236	33
237	33
238	33
239	33
240	33
241	33
242	33
243	33
256	33
257	33
259	33
263	33
268	33
269	33
271	33
276	33
277	33
280	33
283	33
285	33
290	33
296	33
299	33
303	33
66	34
158	34
161	34
162	34
165	34
167	34
173	34
179	34
181	34
185	34
187	34
190	34
192	34
194	34
197	34
202	34
205	34
209	34
214	34
217	34
219	34
227	34
230	34
243	34
257	34
260	34
262	34
263	34
264	34
269	34
272	34
275	34
277	34
280	34
285	34
290	34
294	34
297	34
300	34
303	34
65	35
158	35
160	35
161	35
164	35
167	35
169	35
173	35
179	35
181	35
184	35
187	35
190	35
192	35
194	35
196	35
202	35
205	35
209	35
214	35
217	35
219	35
227	35
230	35
244	35
258	35
264	35
265	35
268	35
273	35
275	35
277	35
278	35
281	35
284	35
286	35
290	35
294	35
297	35
300	35
304	35
65	36
158	36
160	36
164	36
166	36
169	36
173	36
179	36
181	36
184	36
186	36
189	36
191	36
195	36
196	36
202	36
205	36
209	36
214	36
217	36
219	36
226	36
230	36
244	36
258	36
259	36
261	36
265	36
266	36
269	36
273	36
278	36
281	36
284	36
286	36
291	36
294	36
297	36
300	36
304	36
65	37
157	37
159	37
163	37
166	37
170	37
172	37
178	37
180	37
184	37
186	37
189	37
191	37
193	37
195	37
202	37
205	37
209	37
214	37
217	37
219	37
226	37
230	37
244	37
245	37
246	37
259	37
261	37
262	37
266	37
267	37
269	37
274	37
278	37
279	37
282	37
284	37
286	37
291	37
293	37
297	37
300	37
304	37
65	38
156	38
159	38
163	38
165	38
171	38
178	38
180	38
184	38
186	38
189	38
191	38
195	38
202	38
205	38
209	38
214	38
217	38
219	38
226	38
230	38
246	38
247	38
248	38
249	38
260	38
262	38
267	38
270	38
275	38
277	38
279	38
282	38
287	38
291	38
293	38
297	38
299	38
301	38
304	38
65	39
158	39
159	39
162	39
165	39
171	39
178	39
180	39
183	39
185	39
188	39
190	39
194	39
201	39
204	39
209	39
214	39
217	39
219	39
225	39
228	39
230	39
249	39
250	39
260	39
263	39
267	39
268	39
271	39
275	39
277	39
279	39
280	39
282	39
285	39
287	39
293	39
297	39
299	39
301	39
304	39
64	40
157	40
158	40
161	40
162	40
164	40
170	40
171	40
178	40
180	40
183	40
185	40
188	40
190	40
195	40
201	40
204	40
209	40
215	40
217	40
220	40
225	40
227	40
230	40
244	40
245	40
250	40
261	40
263	40
268	40
269	40
271	40
272	40
276	40
280	40
282	40
285	40
287	40
292	40
299	40
301	40
305	40
64	41
157	41
161	41
165	41
170	41
177	41
179	41
182	41
185	41
188	41
190	41
194	41
195	41
201	41
204	41
208	41
215	41
217	41
219	41
224	41
227	41
230	41
245	41
247	41
248	41
250	41
261	41
262	41
264	41
269	41
272	41
276	41
278	41
280	41
283	41
285	41
287	41
292	41
299	41
301	41
305	41
64	42
156	42
160	42
161	42
165	42
169	42
177	42
179	42
182	42
184	42
187	42
189	42
192	42
194	42
201	42
204	42
208	42
214	42
217	42
219	42
221	42
224	42
227	42
230	42
245	42
248	42
250	42
253	42
254	42
262	42
264	42
270	42
273	42
277	42
281	42
283	42
288	42
292	42
294	42
298	42
301	42
303	42
305	42
63	43
155	43
156	43
160	43
165	43
169	43
177	43
179	43
182	43
184	43
187	43
189	43
192	43
194	43
200	43
204	43
208	43
214	43
217	43
219	43
222	43
224	43
227	43
230	43
245	43
248	43
254	43
262	43
265	43
270	43
273	43
274	43
277	43
281	43
284	43
286	43
288	43
292	43
294	43
298	43
302	43
305	43
63	44
152	44
154	44
155	44
159	44
160	44
162	44
164	44
168	44
169	44
179	44
181	44
184	44
188	44
189	44
191	44
194	44
200	44
204	44
208	44
214	44
217	44
219	44
222	44
224	44
227	44
230	44
245	44
248	44
250	44
254	44
263	44
265	44
266	44
271	44
274	44
278	44
281	44
282	44
284	44
286	44
288	44
292	44
294	44
298	44
300	44
302	44
306	44
63	45
152	45
154	45
159	45
161	45
164	45
168	45
176	45
178	45
181	45
184	45
186	45
188	45
191	45
193	45
194	45
200	45
203	45
208	45
211	45
214	45
217	45
219	45
222	45
224	45
227	45
230	45
245	45
248	45
250	45
251	45
254	45
255	45
264	45
266	45
271	45
274	45
278	45
282	45
286	45
288	45
289	45
293	45
298	45
300	45
302	45
306	45
63	46
153	46
154	46
158	46
159	46
161	46
164	46
168	46
176	46
178	46
180	46
183	46
186	46
188	46
190	46
191	46
193	46
195	46
200	46
203	46
208	46
211	46
214	46
217	46
223	46
227	46
230	46
245	46
248	46
251	46
255	46
264	46
266	46
267	46
271	46
275	46
279	46
282	46
283	46
285	46
289	46
293	46
295	46
299	46
302	46
307	46
62	47
153	47
158	47
163	47
167	47
176	47
178	47
180	47
183	47
185	47
190	47
193	47
195	47
200	47
203	47
208	47
211	47
214	47
217	47
223	47
227	47
230	47
245	47
251	47
255	47
256	47
264	47
265	47
267	47
272	47
275	47
276	47
283	47
285	47
287	47
289	47
293	47
295	47
299	47
303	47
307	47
62	48
153	48
158	48
167	48
175	48
177	48
183	48
185	48
187	48
189	48
190	48
192	48
199	48
203	48
208	48
211	48
214	48
217	48
223	48
227	48
230	48
245	48
251	48
256	48
257	48
265	48
267	48
272	48
276	48
283	48
287	48
289	48
293	48
294	48
298	48
301	48
303	48
306	48
62	49
152	49
157	49
175	49
177	49
179	49
182	49
185	49
189	49
192	49
199	49
203	49
208	49
211	49
214	49
217	49
224	49
227	49
230	49
245	49
251	49
257	49
265	49
267	49
272	49
273	49
276	49
277	49
283	49
287	49
289	49
294	49
296	49
298	49
301	49
303	49
307	49
62	50
151	50
152	50
156	50
157	50
175	50
177	50
179	50
181	50
184	50
189	50
191	50
199	50
202	50
208	50
211	50
214	50
217	50
227	50
230	50
245	50
246	50
251	50
252	50
257	50
265	50
273	50
277	50
283	50
287	50
289	50
294	50
296	50
298	50
301	50
303	50
307	50
61	51
151	51
156	51
158	51
174	51
176	51
179	51
181	51
183	51
184	51
188	51
198	51
202	51
208	51
211	51
214	51
217	51
226	51
230	51
246	51
252	51
253	51
258	51
266	51
273	51
277	51
284	51
287	51
290	51
294	51
296	51
298	51
301	51
303	51
307	51
61	52
150	52
151	52
155	52
156	52
158	52
174	52
176	52
178	52
181	52
183	52
189	52
198	52
202	52
208	52
211	52
214	52
218	52
226	52
230	52
246	52
253	52
258	52
266	52
274	52
277	52
278	52
284	52
287	52
290	52
294	52
296	52
299	52
301	52
303	52
308	52
61	53
150	53
155	53
174	53
176	53
178	53
183	53
188	53
189	53
198	53
202	53
207	53
209	53
211	53
214	53
218	53
223	53
226	53
230	53
253	53
254	53
258	53
259	53
266	53
274	53
278	53
284	53
288	53
290	53
294	53
296	53
299	53
304	53
308	53
61	54
149	54
155	54
173	54
176	54
182	54
187	54
188	54
197	54
202	54
207	54
209	54
211	54
214	54
218	54
223	54
226	54
254	54
259	54
267	54
274	54
278	54
285	54
288	54
290	54
294	54
297	54
299	54
304	54
308	54
60	55
149	55
154	55
173	55
175	55
177	55
182	55
187	55
197	55
201	55
207	55
210	55
212	55
214	55
218	55
223	55
226	55
254	55
255	55
259	55
267	55
269	55
275	55
279	55
285	55
288	55
291	55
295	55
297	55
299	55
304	55
308	55
60	56
148	56
156	56
172	56
174	56
175	56
177	56
187	56
197	56
201	56
207	56
210	56
212	56
214	56
223	56
226	56
255	56
256	56
259	56
267	56
269	56
275	56
279	56
286	56
288	56
291	56
295	56
297	56
300	56
304	56
308	56
60	57
148	57
153	57
155	57
172	57
174	57
177	57
186	57
187	57
197	57
201	57
207	57
210	57
214	57
223	57
226	57
256	57
259	57
260	57
267	57
275	57
279	57
285	57
286	57
288	57
291	57
295	57
297	57
300	57
304	57
308	57
60	58
147	58
148	58
153	58
155	58
172	58
174	58
176	58
186	58
196	58
201	58
207	58
210	58
214	58
225	58
256	58
260	58
268	58
270	58
275	58
280	58
286	58
288	58
291	58
295	58
297	58
300	58
304	58
308	58
60	59
147	59
152	59
154	59
173	59
176	59
186	59
196	59
200	59
207	59
210	59
214	59
225	59
256	59
260	59
261	59
268	59
270	59
276	59
280	59
286	59
289	59
291	59
295	59
298	59
300	59
305	59
309	59
59	60
146	60
152	60
154	60
173	60
175	60
185	60
196	60
200	60
207	60
210	60
213	60
225	60
256	60
261	60
268	60
270	60
276	60
280	60
286	60
289	60
291	60
296	60
298	60
301	60
305	60
309	60
59	61
151	61
153	61
175	61
185	61
195	61
200	61
206	61
207	61
210	61
213	61
223	61
225	61
256	61
261	61
269	61
272	61
274	61
277	61
280	61
286	61
289	61
292	61
296	61
298	61
301	61
305	61
309	61
58	62
151	62
153	62
174	62
185	62
195	62
200	62
206	62
208	62
210	62
213	62
218	62
223	62
225	62
256	62
261	62
269	62
271	62
274	62
277	62
280	62
287	62
289	62
292	62
296	62
298	62
301	62
305	62
309	62
58	63
153	63
174	63
184	63
194	63
195	63
199	63
206	63
208	63
210	63
213	63
218	63
223	63
225	63
256	63
261	63
269	63
271	63
275	63
277	63
280	63
287	63
289	63
292	63
296	63
298	63
301	63
306	63
309	63
58	64
152	64
173	64
184	64
194	64
199	64
206	64
208	64
210	64
213	64
218	64
223	64
225	64
257	64
261	64
269	64
271	64
273	64
275	64
277	64
280	64
287	64
289	64
292	64
296	64
299	64
301	64
306	64
309	64
58	65
152	65
173	65
183	65
194	65
198	65
206	65
210	65
213	65
217	65
222	65
225	65
257	65
258	65
261	65
269	65
271	65
273	65
275	65
278	65
280	65
287	65
290	65
292	65
296	65
299	65
301	65
306	65
309	65
58	66
151	66
152	66
172	66
173	66
182	66
183	66
194	66
198	66
206	66
209	66
213	66
217	66
220	66
222	66
258	66
261	66
262	66
269	66
271	66
273	66
275	66
278	66
280	66
287	66
290	66
293	66
297	66
299	66
301	66
306	66
309	66
58	67
151	67
172	67
182	67
193	67
198	67
206	67
209	67
213	67
217	67
220	67
222	67
224	67
258	67
259	67
262	67
270	67
273	67
275	67
278	67
280	67
287	67
290	67
293	67
297	67
299	67
302	67
306	67
310	67
57	68
150	68
172	68
181	68
183	68
191	68
193	68
198	68
206	68
209	68
213	68
217	68
220	68
222	68
224	68
259	68
262	68
270	68
273	68
276	68
278	68
281	68
288	68
290	68
293	68
297	68
299	68
303	68
306	68
310	68
57	69
150	69
171	69
180	69
181	69
183	69
191	69
193	69
197	69
206	69
209	69
212	69
217	69
219	69
222	69
224	69
259	69
262	69
263	69
266	69
270	69
274	69
276	69
278	69
281	69
288	69
290	69
294	69
297	69
299	69
302	69
304	69
307	69
310	69
57	70
149	70
170	70
171	70
179	70
180	70
192	70
195	70
197	70
206	70
209	70
213	70
217	70
219	70
221	70
224	70
259	70
263	70
266	70
270	70
272	70
274	70
276	70
278	70
281	70
288	70
291	70
294	70
297	70
299	70
302	70
307	70
310	70
57	71
149	71
170	71
179	71
192	71
196	71
206	71
209	71
212	71
217	71
219	71
221	71
223	71
260	71
263	71
266	71
270	71
272	71
274	71
276	71
279	71
281	71
288	71
291	71
294	71
297	71
300	71
302	71
307	71
310	71
57	72
148	72
169	72
178	72
190	72
192	72
197	72
207	72
209	72
212	72
216	72
219	72
221	72
223	72
259	72
263	72
267	72
270	72
272	72
274	72
276	72
279	72
281	72
288	72
291	72
294	72
298	72
300	72
302	72
307	72
310	72
56	73
148	73
168	73
169	73
191	73
192	73
197	73
207	73
212	73
216	73
219	73
223	73
259	73
264	73
267	73
270	73
272	73
274	73
275	73
279	73
282	73
288	73
291	73
294	73
298	73
300	73
302	73
307	73
310	73
56	74
148	74
167	74
168	74
191	74
205	74
208	74
212	74
216	74
219	74
222	74
259	74
260	74
264	74
267	74
268	74
270	74
272	74
275	74
277	74
279	74
282	74
288	74
291	74
294	74
298	74
300	74
302	74
307	74
310	74
56	75
147	75
164	75
166	75
167	75
191	75
205	75
208	75
212	75
215	75
218	75
221	75
260	75
261	75
264	75
271	75
275	75
277	75
279	75
282	75
286	75
289	75
291	75
295	75
298	75
300	75
302	75
307	75
310	75
56	76
164	76
166	76
190	76
205	76
208	76
212	76
215	76
218	76
221	76
251	76
252	76
253	76
262	76
263	76
264	76
269	76
271	76
275	76
277	76
279	76
282	76
286	76
289	76
291	76
295	76
298	76
300	76
303	76
307	76
310	76
56	77
165	77
192	77
199	77
205	77
208	77
212	77
215	77
218	77
221	77
249	77
250	77
254	77
255	77
256	77
264	77
265	77
269	77
271	77
276	77
279	77
282	77
286	77
289	77
291	77
295	77
298	77
300	77
303	77
310	77
56	78
165	78
192	78
199	78
204	78
206	78
208	78
212	78
215	78
218	78
221	78
240	78
241	78
242	78
246	78
247	78
248	78
257	78
259	78
260	78
265	78
268	78
271	78
276	78
280	78
282	78
286	78
289	78
291	78
295	78
299	78
301	78
303	78
310	78
56	79
164	79
165	79
192	79
199	79
204	79
206	79
209	79
212	79
214	79
215	79
218	79
221	79
237	79
238	79
239	79
244	79
245	79
250	79
252	79
253	79
258	79
261	79
262	79
265	79
268	79
269	79
271	79
276	79
280	79
282	79
286	79
289	79
291	79
296	79
299	79
301	79
303	79
308	79
310	79
55	80
164	80
191	80
192	80
198	80
204	80
206	80
209	80
211	80
214	80
218	80
220	80
233	80
234	80
235	80
236	80
243	80
250	80
251	80
252	80
263	80
264	80
265	80
269	80
271	80
280	80
282	80
286	80
289	80
291	80
296	80
301	80
303	80
308	80
310	80
55	81
162	81
163	81
191	81
193	81
198	81
204	81
207	81
209	81
214	81
217	81
220	81
231	81
232	81
242	81
243	81
269	81
271	81
280	81
282	81
286	81
289	81
291	81
296	81
301	81
303	81
310	81
55	82
103	82
104	82
162	82
191	82
198	82
204	82
209	82
213	82
217	82
220	82
222	82
223	82
224	82
225	82
226	82
229	82
230	82
237	82
238	82
239	82
240	82
241	82
252	82
253	82
254	82
255	82
256	82
257	82
258	82
259	82
260	82
261	82
269	82
271	82
280	82
282	82
286	82
289	82
291	82
296	82
301	82
310	82
54	83
103	83
190	83
192	83
197	83
199	83
204	83
208	83
213	83
217	83
220	83
222	83
227	83
228	83
234	83
235	83
236	83
247	83
248	83
250	83
251	83
261	83
262	83
263	83
264	83
265	83
271	83
280	83
282	83
286	83
289	83
291	83
296	83
300	83
302	83
310	83
54	84
103	84
190	84
192	84
197	84
200	84
203	84
205	84
208	84
213	84
216	84
217	84
221	84
224	84
225	84
226	84
228	84
231	84
232	84
233	84
246	84
247	84
249	84
250	84
265	84
266	84
280	84
282	84
286	84
289	84
292	84
296	84
300	84
302	84
311	84
54	85
57	85
103	85
190	85
192	85
197	85
200	85
203	85
205	85
207	85
208	85
213	85
216	85
220	85
222	85
223	85
224	85
240	85
241	85
245	85
246	85
253	85
254	85
255	85
256	85
257	85
258	85
266	85
267	85
280	85
282	85
286	85
292	85
296	85
300	85
302	85
311	85
53	86
57	86
103	86
190	86
196	86
198	86
200	86
203	86
207	86
213	86
215	86
216	86
218	86
219	86
236	86
238	86
239	86
240	86
244	86
245	86
248	86
252	86
253	86
266	86
267	86
268	86
269	86
280	86
282	86
287	86
292	86
296	86
300	86
302	86
311	86
53	87
57	87
103	87
189	87
196	87
198	87
203	87
207	87
215	87
237	87
243	87
247	87
251	87
265	87
269	87
280	87
282	87
286	87
292	87
297	87
302	87
311	87
53	88
56	88
102	88
189	88
196	88
198	88
203	88
206	88
215	88
232	88
233	88
234	88
235	88
236	88
242	88
243	88
245	88
265	88
269	88
272	88
280	88
282	88
286	88
292	88
297	88
302	88
311	88
52	89
56	89
102	89
188	89
189	89
195	89
199	89
202	89
206	89
212	89
213	89
214	89
215	89
218	89
230	89
231	89
239	89
240	89
241	89
242	89
265	89
269	89
272	89
280	89
282	89
287	89
292	89
297	89
302	89
311	89
52	90
56	90
101	90
188	90
195	90
199	90
202	90
206	90
212	90
218	90
223	90
224	90
225	90
226	90
228	90
229	90
230	90
237	90
238	90
239	90
265	90
269	90
270	90
272	90
273	90
280	90
282	90
288	90
292	90
297	90
301	90
309	90
312	90
52	91
56	91
101	91
187	91
188	91
195	91
202	91
206	91
212	91
218	91
219	91
222	91
223	91
227	91
234	91
235	91
236	91
265	91
269	91
273	91
280	91
282	91
288	91
292	91
297	91
301	91
309	91
312	91
52	92
56	92
101	92
186	92
187	92
189	92
195	92
201	92
205	92
212	92
213	92
221	92
222	92
224	92
226	92
232	92
233	92
234	92
265	92
270	92
273	92
280	92
282	92
287	92
293	92
297	92
301	92
309	92
312	92
52	93
56	93
101	93
162	93
186	93
194	93
201	93
205	93
213	93
214	93
219	93
220	93
225	93
230	93
231	93
232	93
266	93
270	93
273	93
280	93
282	93
287	93
291	93
293	93
298	93
301	93
309	93
312	93
51	94
56	94
101	94
161	94
162	94
185	94
186	94
194	94
201	94
205	94
214	94
215	94
216	94
217	94
218	94
219	94
228	94
229	94
230	94
266	94
270	94
273	94
280	94
282	94
287	94
291	94
293	94
298	94
301	94
309	94
312	94
51	95
56	95
100	95
160	95
161	95
185	95
193	95
201	95
204	95
219	95
227	95
228	95
266	95
270	95
271	95
273	95
280	95
282	95
288	95
291	95
294	95
298	95
300	95
309	95
312	95
51	96
55	96
100	96
159	96
160	96
184	96
193	96
201	96
204	96
238	96
239	96
240	96
241	96
242	96
243	96
244	96
245	96
246	96
247	96
248	96
249	96
250	96
251	96
252	96
266	96
271	96
273	96
279	96
282	96
288	96
291	96
292	96
294	96
298	96
310	96
313	96
51	97
55	97
100	97
158	97
159	97
183	97
184	97
200	97
204	97
234	97
235	97
236	97
237	97
253	97
254	97
255	97
256	97
257	97
267	97
271	97
274	97
279	97
282	97
288	97
294	97
298	97
310	97
313	97
51	98
55	98
99	98
158	98
200	98
204	98
231	98
232	98
233	98
238	98
239	98
240	98
241	98
242	98
243	98
244	98
245	98
246	98
247	98
248	98
249	98
250	98
258	98
259	98
264	98
265	98
267	98
268	98
273	98
279	98
282	98
287	98
292	98
294	98
298	98
310	98
313	98
50	99
55	99
99	99
157	99
199	99
200	99
204	99
211	99
212	99
230	99
231	99
235	99
236	99
251	99
252	99
253	99
254	99
255	99
261	99
263	99
264	99
268	99
273	99
279	99
281	99
287	99
292	99
294	99
299	99
310	99
313	99
50	100
55	100
99	100
157	100
199	100
204	100
212	100
229	100
232	100
256	100
257	100
258	100
259	100
262	100
266	100
267	100
273	100
279	100
281	100
283	100
287	100
288	100
292	100
294	100
299	100
310	100
313	100
50	101
54	101
55	101
98	101
199	101
203	101
212	101
227	101
228	101
235	101
236	101
237	101
238	101
239	101
240	101
241	101
242	101
243	101
244	101
245	101
246	101
247	101
248	101
249	101
250	101
251	101
252	101
253	101
259	101
260	101
265	101
266	101
273	101
278	101
279	101
281	101
283	101
288	101
292	101
294	101
299	101
310	101
313	101
50	102
54	102
98	102
199	102
202	102
203	102
213	102
226	102
227	102
233	102
234	102
254	102
255	102
261	102
262	102
274	102
278	102
281	102
283	102
288	102
292	102
294	102
299	102
310	102
314	102
50	103
98	103
202	103
213	103
226	103
231	103
232	103
255	103
256	103
257	103
262	103
274	103
278	103
280	103
282	103
283	103
289	103
292	103
294	103
299	103
310	103
314	103
50	104
98	104
201	104
202	104
213	104
225	104
230	104
231	104
257	104
258	104
259	104
274	104
278	104
280	104
282	104
286	104
289	104
292	104
299	104
310	104
314	104
50	105
98	105
201	105
213	105
214	105
229	105
230	105
259	105
260	105
274	105
278	105
280	105
282	105
286	105
289	105
292	105
299	105
310	105
314	105
50	106
98	106
200	106
201	106
206	106
214	106
228	106
229	106
260	106
261	106
262	106
263	106
264	106
265	106
266	106
271	106
274	106
277	106
280	106
282	106
286	106
290	106
292	106
299	106
310	106
314	106
50	107
97	107
200	107
206	107
214	107
215	107
227	107
228	107
231	107
266	107
271	107
272	107
277	107
279	107
286	107
290	107
292	107
298	107
300	107
310	107
312	107
314	107
49	108
97	108
199	108
200	108
205	108
206	108
215	108
216	108
226	108
227	108
231	108
243	108
244	108
245	108
246	108
247	108
248	108
249	108
250	108
264	108
265	108
266	108
267	108
268	108
273	108
277	108
279	108
286	108
290	108
293	108
298	108
300	108
310	108
312	108
315	108
49	109
97	109
199	109
205	109
216	109
217	109
218	109
219	109
225	109
226	109
231	109
243	109
245	109
251	109
252	109
263	109
264	109
270	109
271	109
273	109
279	109
286	109
290	109
293	109
298	109
300	109
306	109
310	109
312	109
315	109
49	110
96	110
198	110
199	110
205	110
215	110
219	110
225	110
231	110
238	110
243	110
244	110
245	110
248	110
252	110
253	110
262	110
263	110
271	110
278	110
286	110
290	110
293	110
298	110
300	110
306	110
311	110
315	110
49	111
96	111
198	111
201	111
203	111
204	111
205	111
215	111
219	111
220	111
224	111
230	111
235	111
236	111
238	111
241	111
248	111
252	111
255	111
256	111
260	111
261	111
262	111
265	111
266	111
267	111
271	111
278	111
286	111
290	111
293	111
298	111
300	111
306	111
308	111
311	111
315	111
49	112
96	112
198	112
202	112
203	112
215	112
221	112
224	112
228	112
230	112
231	112
237	112
239	112
240	112
241	112
246	112
248	112
251	112
252	112
256	112
257	112
258	112
259	112
271	112
278	112
286	112
290	112
293	112
298	112
300	112
307	112
311	112
315	112
49	113
96	113
157	113
158	113
159	113
160	113
161	113
162	113
163	113
164	113
198	113
201	113
202	113
215	113
221	113
223	113
228	113
231	113
247	113
248	113
250	113
251	113
253	113
256	113
257	113
271	113
278	113
286	113
290	113
293	113
298	113
300	113
307	113
311	113
315	113
48	114
95	114
153	114
154	114
155	114
156	114
164	114
165	114
166	114
167	114
197	114
198	114
215	114
222	114
224	114
226	114
229	114
231	114
232	114
235	114
236	114
237	114
238	114
241	114
244	114
247	114
248	114
249	114
250	114
256	114
272	114
278	114
286	114
290	114
293	114
298	114
301	114
308	114
311	114
316	114
48	115
95	115
150	115
151	115
152	115
167	115
168	115
196	115
197	115
199	115
216	115
222	115
224	115
225	115
228	115
229	115
232	115
235	115
238	115
242	115
246	115
254	115
255	115
256	115
273	115
278	115
282	115
287	115
289	115
291	115
293	115
298	115
301	115
308	115
311	115
316	115
48	116
95	116
148	116
149	116
168	116
169	116
196	116
200	116
216	116
218	116
222	116
225	116
229	116
230	116
233	116
235	116
236	116
239	116
244	116
245	116
246	116
252	116
253	116
254	116
256	116
278	116
282	116
287	116
289	116
291	116
293	116
298	116
301	116
308	116
311	116
316	116
47	117
94	117
169	117
170	117
171	117
196	117
199	117
217	117
218	117
221	117
225	117
226	117
241	117
242	117
243	117
244	117
250	117
251	117
274	117
278	117
279	117
282	117
287	117
289	117
291	117
293	117
298	117
301	117
309	117
311	117
316	117
47	118
94	118
171	118
172	118
195	118
199	118
221	118
222	118
229	118
230	118
231	118
232	118
233	118
234	118
235	118
237	118
238	118
239	118
240	118
245	118
246	118
247	118
248	118
249	118
250	118
274	118
279	118
282	118
287	118
289	118
291	118
293	118
298	118
301	118
309	118
311	118
316	118
47	119
94	119
172	119
173	119
199	119
222	119
223	119
224	119
225	119
226	119
227	119
228	119
236	119
237	119
242	119
274	119
279	119
282	119
287	119
289	119
291	119
293	119
298	119
302	119
309	119
311	119
317	119
46	120
50	120
94	120
166	120
168	120
173	120
174	120
198	120
273	120
275	120
279	120
282	120
287	120
291	120
293	120
298	120
302	120
309	120
311	120
317	120
45	121
46	121
49	121
94	121
160	121
161	121
162	121
165	121
166	121
168	121
174	121
175	121
196	121
197	121
198	121
273	121
275	121
279	121
282	121
287	121
291	121
293	121
298	121
302	121
309	121
311	121
317	121
45	122
49	122
93	122
160	122
162	122
165	122
169	122
175	122
176	122
195	122
198	122
201	122
273	122
275	122
279	122
282	122
288	122
291	122
294	122
298	122
302	122
309	122
311	122
317	122
44	123
45	123
49	123
93	123
160	123
161	123
162	123
165	123
169	123
176	123
177	123
195	123
198	123
201	123
273	123
275	123
280	123
282	123
288	123
291	123
294	123
298	123
302	123
309	123
311	123
317	123
44	124
48	124
93	124
120	124
145	124
146	124
147	124
148	124
160	124
165	124
168	124
177	124
198	124
201	124
273	124
275	124
280	124
283	124
285	124
288	124
290	124
294	124
299	124
303	124
309	124
311	124
315	124
318	124
43	125
46	125
48	125
93	125
120	125
146	125
148	125
159	125
162	125
165	125
167	125
168	125
177	125
198	125
201	125
275	125
280	125
283	125
285	125
288	125
290	125
292	125
294	125
299	125
303	125
309	125
315	125
318	125
42	126
43	126
48	126
92	126
120	126
146	126
148	126
149	126
151	126
152	126
153	126
154	126
155	126
161	126
162	126
165	126
166	126
167	126
176	126
177	126
198	126
200	126
275	126
280	126
283	126
285	126
288	126
290	126
292	126
294	126
299	126
303	126
309	126
315	126
318	126
42	127
47	127
92	127
117	127
119	127
120	127
146	127
149	127
150	127
153	127
155	127
158	127
159	127
160	127
164	127
169	127
170	127
171	127
172	127
173	127
174	127
175	127
176	127
198	127
201	127
276	127
280	127
283	127
285	127
288	127
290	127
292	127
294	127
299	127
303	127
308	127
309	127
315	127
318	127
41	128
42	128
44	128
47	128
92	128
117	128
119	128
147	128
150	128
155	128
164	128
165	128
166	128
167	128
168	128
199	128
201	128
276	128
280	128
283	128
285	128
288	128
290	128
292	128
294	128
299	128
303	128
309	128
315	128
318	128
40	129
41	129
44	129
46	129
91	129
116	129
118	129
148	129
150	129
151	129
152	129
160	129
161	129
162	129
163	129
199	129
202	129
276	129
280	129
283	129
285	129
288	129
290	129
292	129
294	129
299	129
304	129
309	129
315	129
319	129
40	130
43	130
46	130
91	130
116	130
118	130
148	130
150	130
152	130
153	130
157	130
158	130
159	130
199	130
202	130
276	130
280	130
283	130
285	130
288	130
290	130
292	130
294	130
298	130
304	130
309	130
315	130
319	130
39	131
40	131
42	131
43	131
45	131
91	131
116	131
148	131
152	131
155	131
156	131
199	131
202	131
276	131
283	131
285	131
288	131
290	131
292	131
294	131
298	131
304	131
309	131
315	131
319	131
39	132
42	132
45	132
90	132
91	132
117	132
148	132
149	132
150	132
151	132
152	132
155	132
200	132
202	132
276	132
282	132
285	132
288	132
290	132
292	132
294	132
298	132
304	132
309	132
315	132
319	132
38	133
41	133
42	133
44	133
90	133
115	133
117	133
148	133
152	133
153	133
154	133
200	133
202	133
276	133
282	133
285	133
288	133
290	133
292	133
294	133
298	133
304	133
310	133
315	133
319	133
37	134
38	134
41	134
44	134
46	134
90	134
115	134
117	134
148	134
200	134
203	134
275	134
277	134
282	134
285	134
288	134
290	134
292	134
294	134
298	134
304	134
310	134
319	134
6	135
7	135
8	135
9	135
10	135
11	135
12	135
13	135
14	135
37	135
40	135
41	135
43	135
46	135
90	135
115	135
117	135
200	135
203	135
276	135
282	135
285	135
288	135
290	135
292	135
294	135
299	135
304	135
310	135
319	135
4	136
5	136
15	136
16	136
17	136
36	136
39	136
40	136
45	136
89	136
116	136
199	136
202	136
276	136
282	136
285	136
288	136
290	136
292	136
295	136
299	136
305	136
310	136
320	136
4	137
17	137
18	137
36	137
38	137
39	137
42	137
45	137
89	137
116	137
199	137
202	137
276	137
282	137
285	137
288	137
290	137
292	137
295	137
299	137
305	137
310	137
320	137
3	138
18	138
19	138
35	138
38	138
41	138
44	138
89	138
114	138
116	138
199	138
202	138
276	138
282	138
285	138
288	138
290	138
292	138
295	138
299	138
304	138
310	138
320	138
4	139
18	139
34	139
35	139
37	139
38	139
41	139
44	139
88	139
114	139
116	139
199	139
202	139
276	139
282	139
285	139
288	139
290	139
292	139
295	139
299	139
304	139
310	139
320	139
4	140
18	140
19	140
20	140
33	140
34	140
36	140
37	140
40	140
44	140
49	140
88	140
114	140
116	140
199	140
202	140
276	140
282	140
285	140
290	140
292	140
295	140
299	140
304	140
310	140
320	140
4	141
18	141
32	141
33	141
36	141
39	141
41	141
43	141
49	141
88	141
113	141
114	141
116	141
199	141
202	141
277	141
282	141
286	141
289	141
292	141
295	141
299	141
304	141
310	141
320	141
5	142
6	142
18	142
32	142
35	142
38	142
41	142
42	142
43	142
49	142
87	142
113	142
116	142
202	142
277	142
281	142
286	142
289	142
292	142
295	142
299	142
304	142
310	142
320	142
5	143
17	143
31	143
32	143
34	143
35	143
42	143
48	143
87	143
116	143
202	143
203	143
277	143
281	143
286	143
289	143
291	143
295	143
299	143
304	143
310	143
320	143
5	144
17	144
30	144
31	144
34	144
42	144
48	144
87	144
116	144
203	144
277	144
281	144
286	144
289	144
295	144
299	144
304	144
310	144
320	144
6	145
15	145
17	145
29	145
30	145
33	145
41	145
48	145
86	145
116	145
204	145
277	145
281	145
286	145
289	145
295	145
299	145
304	145
310	145
320	145
6	146
15	146
29	146
32	146
33	146
41	146
48	146
86	146
115	146
204	146
276	146
281	146
286	146
289	146
295	146
299	146
304	146
310	146
320	146
6	147
15	147
28	147
31	147
32	147
40	147
45	147
47	147
86	147
115	147
204	147
276	147
281	147
286	147
290	147
292	147
295	147
300	147
302	147
304	147
311	147
320	147
7	148
15	148
28	148
30	148
31	148
40	148
44	148
47	148
86	148
114	148
203	148
276	148
281	148
286	148
290	148
292	148
296	148
300	148
302	148
305	148
311	148
320	148
7	149
8	149
15	149
27	149
30	149
39	149
44	149
46	149
86	149
114	149
203	149
276	149
280	149
286	149
290	149
292	149
296	149
300	149
303	149
305	149
311	149
320	149
8	150
9	150
10	150
11	150
12	150
13	150
15	150
29	150
30	150
39	150
44	150
46	150
86	150
203	150
276	150
280	150
290	150
292	150
296	150
300	150
302	150
305	150
311	150
321	150
14	151
15	151
28	151
29	151
39	151
43	151
45	151
46	151
85	151
113	151
202	151
276	151
280	151
282	151
290	151
292	151
296	151
300	151
303	151
305	151
311	151
321	151
14	152
24	152
27	152
28	152
39	152
45	152
83	152
85	152
109	152
113	152
202	152
275	152
280	152
290	152
292	152
296	152
299	152
303	152
305	152
311	152
321	152
14	153
23	153
26	153
27	153
39	153
45	153
83	153
85	153
109	153
113	153
202	153
275	153
280	153
290	153
292	153
296	153
299	153
303	153
311	153
321	153
22	154
25	154
26	154
39	154
44	154
84	154
109	154
113	154
202	154
275	154
280	154
290	154
292	154
296	154
299	154
303	154
305	154
312	154
321	154
21	155
22	155
24	155
25	155
38	155
44	155
84	155
109	155
113	155
202	155
275	155
280	155
290	155
292	155
296	155
299	155
305	155
312	155
321	155
20	156
21	156
24	156
38	156
44	156
83	156
109	156
113	156
202	156
274	156
280	156
290	156
292	156
294	156
296	156
299	156
305	156
312	156
321	156
20	157
23	157
37	157
43	157
83	157
109	157
113	157
202	157
274	157
280	157
290	157
292	157
294	157
296	157
299	157
305	157
312	157
321	157
20	158
22	158
24	158
37	158
43	158
83	158
109	158
113	158
202	158
274	158
280	158
290	158
292	158
294	158
296	158
299	158
305	158
312	158
321	158
18	159
19	159
22	159
36	159
43	159
83	159
109	159
113	159
202	159
274	159
280	159
288	159
290	159
292	159
294	159
296	159
299	159
305	159
312	159
321	159
18	160
21	160
37	160
42	160
43	160
108	160
113	160
203	160
274	160
280	160
288	160
290	160
292	160
294	160
296	160
299	160
306	160
312	160
316	160
321	160
18	161
36	161
41	161
42	161
108	161
113	161
203	161
206	161
274	161
280	161
288	161
290	161
292	161
294	161
296	161
299	161
306	161
309	161
312	161
316	161
321	161
35	162
36	162
41	162
108	162
113	162
202	162
206	162
274	162
279	162
288	162
290	162
292	162
294	162
296	162
299	162
306	162
310	162
312	162
316	162
321	162
35	163
40	163
108	163
113	163
202	163
206	163
273	163
279	163
288	163
290	163
292	163
294	163
296	163
299	163
306	163
308	163
310	163
312	163
316	163
321	163
35	164
40	164
108	164
113	164
203	164
206	164
273	164
279	164
288	164
290	164
292	164
294	164
296	164
299	164
306	164
308	164
310	164
312	164
316	164
321	164
34	165
35	165
39	165
108	165
113	165
203	165
206	165
207	165
273	165
279	165
288	165
290	165
292	165
294	165
296	165
299	165
306	165
308	165
310	165
312	165
316	165
321	165
33	166
34	166
38	166
39	166
108	166
113	166
203	166
204	166
208	166
209	166
210	166
273	166
278	166
288	166
290	166
292	166
294	166
296	166
299	166
307	166
310	166
312	166
316	166
321	166
33	167
40	167
108	167
113	167
204	167
210	167
273	167
278	167
288	167
292	167
294	167
296	167
299	167
307	167
310	167
312	167
316	167
321	167
39	168
40	168
109	168
113	168
204	168
205	168
210	168
211	168
223	168
225	168
273	168
278	168
288	168
292	168
294	168
296	168
299	168
307	168
310	168
313	168
316	168
320	168
39	169
109	169
111	169
113	169
184	169
185	169
206	169
210	169
211	169
212	169
224	169
272	169
278	169
288	169
292	169
294	169
298	169
307	169
310	169
313	169
316	169
320	169
38	170
109	170
111	170
113	170
186	170
206	170
207	170
212	170
215	170
216	170
217	170
218	170
219	170
224	170
272	170
277	170
281	170
289	170
291	170
295	170
298	170
307	170
310	170
313	170
316	170
320	170
38	171
109	171
111	171
186	171
206	171
214	171
215	171
219	171
220	171
221	171
222	171
223	171
271	171
277	171
280	171
289	171
291	171
295	171
298	171
307	171
309	171
311	171
313	171
316	171
320	171
38	172
109	172
111	172
186	172
206	172
220	172
223	172
224	172
270	172
277	172
280	172
285	172
289	172
291	172
295	172
298	172
305	172
307	172
309	172
311	172
314	172
316	172
320	172
37	173
109	173
111	173
186	173
196	173
197	173
198	173
199	173
200	173
201	173
202	173
206	173
215	173
216	173
217	173
218	173
219	173
222	173
223	173
270	173
275	173
277	173
280	173
285	173
289	173
291	173
295	173
298	173
305	173
307	173
309	173
311	173
314	173
317	173
320	173
37	174
109	174
111	174
186	174
187	174
195	174
196	174
202	174
203	174
207	174
208	174
209	174
210	174
221	174
222	174
270	174
275	174
277	174
280	174
285	174
289	174
291	174
295	174
298	174
305	174
307	174
309	174
311	174
314	174
316	174
320	174
326	174
37	175
109	175
111	175
187	175
188	175
198	175
199	175
200	175
203	175
204	175
210	175
220	175
221	175
270	175
275	175
277	175
285	175
290	175
295	175
298	175
305	175
307	175
309	175
311	175
314	175
316	175
320	175
326	175
35	176
37	176
109	176
111	176
188	176
196	176
197	176
198	176
200	176
201	176
204	176
205	176
210	176
211	176
218	176
219	176
220	176
270	176
275	176
284	176
290	176
295	176
298	176
304	176
307	176
309	176
311	176
313	176
317	176
320	176
326	176
35	177
37	177
110	177
112	177
188	177
189	177
190	177
201	177
202	177
205	177
206	177
207	177
208	177
211	177
213	177
216	177
217	177
274	177
276	177
279	177
280	177
284	177
290	177
295	177
298	177
305	177
307	177
309	177
311	177
313	177
317	177
320	177
326	177
37	178
110	178
112	178
190	178
191	178
203	178
207	178
211	178
212	178
215	178
216	178
273	178
276	178
280	178
284	178
288	178
290	178
295	178
298	178
305	178
307	178
309	178
311	178
313	178
317	178
320	178
326	178
34	179
36	179
110	179
112	179
191	179
192	179
193	179
204	179
205	179
206	179
209	179
210	179
211	179
214	179
215	179
273	179
276	179
280	179
284	179
288	179
290	179
295	179
298	179
305	179
307	179
309	179
311	179
313	179
317	179
320	179
325	179
326	179
33	180
34	180
36	180
38	180
39	180
102	180
110	180
112	180
193	180
194	180
202	180
203	180
204	180
208	180
209	180
214	180
272	180
275	180
279	180
284	180
288	180
290	180
298	180
305	180
307	180
309	180
311	180
313	180
317	180
320	180
321	180
322	180
323	180
324	180
325	180
33	181
37	181
39	181
75	181
102	181
110	181
112	181
202	181
214	181
268	181
272	181
275	181
277	181
279	181
284	181
288	181
290	181
298	181
305	181
307	181
309	181
311	181
313	181
317	181
320	181
32	182
33	182
35	182
37	182
39	182
74	182
75	182
102	182
110	182
112	182
206	182
212	182
267	182
271	182
275	182
278	182
284	182
290	182
298	182
305	182
307	182
309	182
311	182
313	182
317	182
31	183
32	183
35	183
37	183
39	183
74	183
103	183
110	183
112	183
202	183
203	183
204	183
205	183
213	183
267	183
271	183
274	183
278	183
284	183
290	183
297	183
305	183
307	183
309	183
311	183
313	183
317	183
29	184
30	184
31	184
35	184
38	184
74	184
101	184
103	184
110	184
112	184
200	184
201	184
202	184
205	184
213	184
266	184
268	184
270	184
271	184
274	184
277	184
284	184
290	184
297	184
305	184
309	184
311	184
313	184
318	184
28	185
29	185
35	185
38	185
73	185
101	185
103	185
110	185
112	185
199	185
201	185
204	185
213	185
267	185
270	185
274	185
277	185
284	185
289	185
297	185
305	185
313	185
318	185
27	186
28	186
32	186
34	186
38	186
72	186
73	186
101	186
103	186
110	186
112	186
205	186
206	186
213	186
267	186
269	186
270	186
273	186
277	186
284	186
289	186
297	186
304	186
305	186
310	186
312	186
318	186
26	187
27	187
30	187
31	187
34	187
38	187
72	187
102	187
104	187
110	187
113	187
204	187
205	187
214	187
265	187
267	187
269	187
273	187
276	187
283	187
289	187
297	187
304	187
306	187
307	187
310	187
312	187
316	187
318	187
24	188
25	188
26	188
29	188
33	188
38	188
71	188
72	188
102	188
104	188
110	188
113	188
204	188
214	188
266	188
268	188
269	188
273	188
276	188
283	188
285	188
289	188
297	188
304	188
310	188
312	188
315	188
318	188
27	189
33	189
37	189
38	189
71	189
102	189
104	189
110	189
113	189
203	189
214	189
266	189
268	189
270	189
272	189
275	189
276	189
283	189
285	189
289	189
297	189
304	189
310	189
312	189
314	189
319	189
33	190
36	190
37	190
71	190
102	190
104	190
111	190
113	190
203	190
214	190
268	190
272	190
275	190
283	190
285	190
289	190
296	190
304	190
310	190
312	190
314	190
319	190
34	191
35	191
36	191
70	191
102	191
104	191
111	191
113	191
203	191
213	191
267	191
269	191
271	191
275	191
283	191
285	191
289	191
296	191
304	191
314	191
319	191
33	192
34	192
70	192
103	192
105	192
111	192
113	192
211	192
212	192
216	192
217	192
218	192
219	192
220	192
221	192
222	192
223	192
239	192
240	192
241	192
242	192
243	192
266	192
267	192
271	192
275	192
283	192
285	192
289	192
296	192
304	192
311	192
312	192
313	192
314	192
315	192
319	192
32	193
33	193
69	193
103	193
105	193
111	193
114	193
203	193
210	193
214	193
215	193
224	193
225	193
226	193
239	193
242	193
266	193
272	193
283	193
289	193
296	193
304	193
311	193
313	193
317	193
319	193
29	194
30	194
31	194
32	194
69	194
103	194
105	194
111	194
114	194
202	194
203	194
204	194
205	194
206	194
212	194
213	194
227	194
228	194
238	194
239	194
265	194
266	194
269	194
272	194
282	194
288	194
290	194
296	194
304	194
311	194
313	194
317	194
319	194
320	194
27	195
28	195
29	195
68	195
103	195
105	195
111	195
114	195
201	195
206	195
207	195
208	195
209	195
210	195
211	195
224	195
229	195
230	195
231	195
236	195
237	195
238	195
239	195
242	195
265	195
268	195
271	195
282	195
284	195
288	195
290	195
296	195
304	195
308	195
311	195
313	195
320	195
26	196
27	196
68	196
104	196
106	196
112	196
114	196
209	196
216	196
217	196
218	196
219	196
220	196
221	196
222	196
232	196
233	196
234	196
235	196
236	196
239	196
240	196
242	196
243	196
265	196
270	196
282	196
284	196
288	196
290	196
296	196
303	196
307	196
311	196
313	196
320	196
321	196
22	197
23	197
24	197
25	197
67	197
104	197
106	197
112	197
114	197
208	197
219	197
226	197
230	197
231	197
240	197
243	197
264	197
265	197
270	197
282	197
284	197
290	197
296	197
303	197
307	197
308	197
311	197
321	197
22	198
30	198
31	198
32	198
42	198
43	198
66	198
67	198
104	198
106	198
112	198
114	198
209	198
211	198
212	198
213	198
214	198
219	198
222	198
223	198
224	198
225	198
227	198
228	198
229	198
240	198
241	198
242	198
243	198
264	198
269	198
282	198
289	198
296	198
303	198
309	198
310	198
311	198
314	198
320	198
26	199
28	199
29	199
41	199
42	199
44	199
66	199
104	199
106	199
112	199
115	199
209	199
217	199
218	199
219	199
234	199
235	199
236	199
239	199
240	199
264	199
266	199
269	199
281	199
283	199
289	199
295	199
302	199
311	199
314	199
27	200
40	200
41	200
44	200
45	200
65	200
104	200
106	200
113	200
115	200
213	200
214	200
215	200
220	200
221	200
222	200
223	200
231	200
232	200
233	200
238	200
263	200
268	200
269	200
281	200
283	200
289	200
295	200
302	200
314	200
28	201
29	201
39	201
40	201
43	201
44	201
64	201
65	201
105	201
113	201
115	201
182	201
196	201
207	201
208	201
209	201
210	201
211	201
212	201
216	201
217	201
218	201
227	201
228	201
229	201
230	201
231	201
234	201
236	201
237	201
262	201
263	201
268	201
281	201
283	201
289	201
295	201
302	201
314	201
33	202
34	202
35	202
36	202
37	202
39	202
42	202
43	202
63	202
64	202
105	202
107	202
113	202
115	202
183	202
196	202
197	202
198	202
199	202
200	202
210	202
213	202
214	202
215	202
220	202
221	202
222	202
227	202
230	202
234	202
235	202
236	202
261	202
262	202
264	202
266	202
267	202
268	202
281	202
283	202
289	202
295	202
302	202
314	202
31	203
32	203
38	203
41	203
42	203
63	203
105	203
107	203
113	203
115	203
184	203
185	203
186	203
194	203
195	203
202	203
203	203
204	203
205	203
206	203
207	203
208	203
217	203
218	203
224	203
225	203
226	203
229	203
230	203
234	203
235	203
261	203
266	203
268	203
281	203
283	203
289	203
295	203
302	203
314	203
25	204
26	204
27	204
29	204
30	204
40	204
41	204
62	204
106	204
114	204
116	204
179	204
180	204
181	204
182	204
183	204
187	204
188	204
189	204
190	204
192	204
193	204
196	204
197	204
198	204
199	204
200	204
201	204
212	204
213	204
214	204
215	204
216	204
224	204
234	204
268	204
281	204
283	204
289	204
295	204
301	204
309	204
314	204
28	205
39	205
40	205
61	205
106	205
114	205
116	205
178	205
191	205
194	205
202	205
203	205
204	205
205	205
206	205
207	205
208	205
209	205
221	205
222	205
223	205
230	205
231	205
233	205
234	205
267	205
268	205
280	205
282	205
288	205
295	205
301	205
309	205
314	205
25	206
26	206
27	206
31	206
32	206
33	206
34	206
35	206
36	206
37	206
38	206
42	206
60	206
61	206
106	206
108	206
114	206
116	206
117	206
178	206
179	206
196	206
197	206
198	206
199	206
200	206
218	206
219	206
220	206
228	206
229	206
232	206
233	206
266	206
267	206
280	206
282	206
288	206
294	206
301	206
309	206
314	206
28	207
29	207
30	207
40	207
41	207
60	207
107	207
117	207
180	207
181	207
182	207
183	207
215	207
216	207
217	207
225	207
226	207
231	207
232	207
266	207
280	207
282	207
288	207
294	207
301	207
309	207
314	207
41	208
59	208
107	208
109	208
118	208
183	208
184	208
186	208
189	208
190	208
197	208
198	208
203	208
204	208
205	208
206	208
207	208
208	208
209	208
210	208
211	208
212	208
213	208
214	208
221	208
222	208
226	208
227	208
230	208
231	208
265	208
266	208
280	208
282	208
288	208
294	208
309	208
314	208
40	209
41	209
58	209
107	209
109	209
110	209
118	209
183	209
185	209
187	209
188	209
191	209
195	209
199	209
200	209
201	209
202	209
203	209
207	209
215	209
224	209
225	209
229	209
230	209
265	209
280	209
282	209
288	209
290	209
292	209
294	209
309	209
314	209
20	210
21	210
22	210
23	210
24	210
25	210
39	210
40	210
57	210
107	210
110	210
118	210
187	210
188	210
192	210
193	210
194	210
196	210
211	210
212	210
213	210
221	210
222	210
223	210
224	210
225	210
229	210
264	210
265	210
280	210
287	210
290	210
292	210
294	210
306	210
309	210
313	210
19	211
26	211
27	211
28	211
29	211
30	211
31	211
32	211
33	211
34	211
37	211
38	211
108	211
110	211
117	211
119	211
187	211
210	211
221	211
226	211
230	211
263	211
264	211
279	211
281	211
287	211
290	211
294	211
301	211
302	211
303	211
306	211
308	211
313	211
0	212
1	212
2	212
4	212
5	212
6	212
7	212
8	212
9	212
10	212
11	212
12	212
13	212
14	212
15	212
16	212
17	212
18	212
34	212
35	212
36	212
38	212
108	212
110	212
117	212
119	212
214	212
215	212
216	212
219	212
220	212
227	212
231	212
263	212
279	212
281	212
287	212
290	212
294	212
301	212
304	212
306	212
308	212
313	212
3	213
33	213
37	213
38	213
108	213
111	213
208	213
209	213
210	213
211	213
212	213
213	213
218	213
219	213
227	213
231	213
262	213
263	213
279	213
281	213
287	213
291	213
294	213
300	213
302	213
304	213
306	213
308	213
313	213
314	213
368	213
369	213
370	213
371	213
372	213
373	213
374	213
375	213
376	213
377	213
378	213
379	213
32	214
36	214
37	214
109	214
111	214
207	214
208	214
213	214
215	214
216	214
217	214
227	214
228	214
261	214
262	214
278	214
281	214
286	214
289	214
291	214
293	214
300	214
304	214
306	214
308	214
313	214
314	214
316	214
317	214
318	214
320	214
321	214
322	214
323	214
324	214
325	214
326	214
327	214
328	214
329	214
330	214
331	214
332	214
333	214
334	214
335	214
336	214
337	214
338	214
339	214
340	214
341	214
342	214
343	214
344	214
345	214
346	214
347	214
348	214
349	214
350	214
351	214
352	214
353	214
354	214
355	214
356	214
357	214
358	214
359	214
360	214
361	214
362	214
363	214
364	214
365	214
366	214
367	214
31	215
35	215
36	215
109	215
111	215
213	215
229	215
261	215
278	215
280	215
286	215
289	215
291	215
293	215
299	215
302	215
304	215
306	215
308	215
313	215
319	215
29	216
30	216
34	216
35	216
109	216
112	216
213	216
214	216
230	216
260	216
261	216
278	216
280	216
286	216
289	216
291	216
299	216
302	216
304	216
307	216
310	216
313	216
6	217
7	217
8	217
9	217
28	217
33	217
34	217
109	217
110	217
112	217
215	217
259	217
260	217
270	217
278	217
280	217
286	217
289	217
291	217
299	217
302	217
303	217
304	217
307	217
310	217
313	217
7	218
10	218
11	218
12	218
13	218
14	218
27	218
32	218
33	218
110	218
113	218
220	218
221	218
222	218
223	218
259	218
270	218
278	218
280	218
285	218
289	218
293	218
299	218
305	218
307	218
310	218
313	218
0	219
1	219
2	219
3	219
4	219
7	219
31	219
32	219
110	219
111	219
113	219
218	219
219	219
258	219
259	219
269	219
271	219
280	219
285	219
288	219
290	219
293	219
299	219
302	219
305	219
307	219
310	219
313	219
5	220
6	220
15	220
16	220
17	220
29	220
30	220
31	220
111	220
113	220
197	220
198	220
199	220
200	220
202	220
203	220
210	220
211	220
212	220
213	220
214	220
215	220
216	220
217	220
222	220
257	220
258	220
269	220
279	220
285	220
288	220
290	220
292	220
302	220
306	220
309	220
312	220
322	220
324	220
325	220
326	220
327	220
328	220
329	220
330	220
346	220
347	220
348	220
349	220
350	220
351	220
352	220
364	220
365	220
366	220
367	220
368	220
369	220
370	220
371	220
372	220
373	220
374	220
375	220
376	220
377	220
378	220
379	220
18	221
19	221
20	221
21	221
22	221
23	221
24	221
25	221
26	221
27	221
28	221
29	221
111	221
114	221
201	221
202	221
203	221
204	221
205	221
206	221
207	221
208	221
209	221
220	221
221	221
225	221
256	221
257	221
268	221
279	221
285	221
288	221
290	221
292	221
301	221
306	221
309	221
312	221
314	221
315	221
316	221
317	221
318	221
319	221
320	221
321	221
323	221
331	221
332	221
335	221
336	221
337	221
338	221
339	221
340	221
341	221
342	221
343	221
344	221
345	221
353	221
354	221
355	221
356	221
357	221
358	221
359	221
360	221
361	221
362	221
363	221
13	222
14	222
15	222
53	222
54	222
55	222
112	222
114	222
115	222
219	222
220	222
224	222
225	222
256	222
267	222
279	222
285	222
288	222
290	222
292	222
301	222
306	222
309	222
312	222
315	222
333	222
334	222
8	223
10	223
12	223
15	223
16	223
17	223
18	223
52	223
53	223
55	223
113	223
115	223
217	223
218	223
219	223
222	223
223	223
224	223
255	223
256	223
267	223
285	223
288	223
292	223
301	223
309	223
312	223
0	224
1	224
4	224
5	224
6	224
7	224
11	224
19	224
20	224
21	224
22	224
23	224
24	224
25	224
28	224
29	224
39	224
40	224
41	224
43	224
53	224
55	224
113	224
115	224
116	224
214	224
215	224
216	224
217	224
222	224
254	224
255	224
266	224
285	224
287	224
289	224
292	224
301	224
309	224
312	224
2	225
3	225
8	225
9	225
10	225
25	225
26	225
27	225
29	225
38	225
39	225
43	225
53	225
55	225
113	225
116	225
212	225
213	225
214	225
253	225
254	225
266	225
273	225
287	225
289	225
291	225
292	225
300	225
301	225
309	225
312	225
21	226
22	226
23	226
36	226
37	226
41	226
42	226
52	226
56	226
114	226
116	226
208	226
209	226
210	226
211	226
253	226
265	226
267	226
269	226
273	226
287	226
289	226
291	226
300	226
308	226
313	226
19	227
20	227
23	227
27	227
34	227
35	227
39	227
40	227
53	227
56	227
117	227
197	227
205	227
206	227
207	227
252	227
253	227
265	227
268	227
272	227
273	227
287	227
289	227
291	227
300	227
308	227
313	227
17	228
18	228
19	228
26	228
27	228
32	228
33	228
37	228
38	228
47	228
48	228
49	228
50	228
53	228
56	228
115	228
118	228
198	228
199	228
200	228
201	228
202	228
203	228
204	228
251	228
252	228
268	228
272	228
286	228
288	228
291	228
300	228
308	228
313	228
21	229
26	229
29	229
30	229
31	229
35	229
36	229
43	229
44	229
45	229
46	229
47	229
50	229
53	229
54	229
56	229
116	229
118	229
197	229
250	229
251	229
267	229
271	229
272	229
286	229
288	229
290	229
300	229
301	229
302	229
303	229
304	229
305	229
308	229
313	229
20	230
21	230
22	230
25	230
26	230
27	230
28	230
29	230
33	230
34	230
42	230
43	230
49	230
50	230
53	230
56	230
116	230
118	230
249	230
250	230
267	230
270	230
271	230
286	230
288	230
290	230
297	230
298	230
299	230
300	230
303	230
305	230
308	230
313	230
22	231
25	231
31	231
35	231
36	231
41	231
42	231
47	231
48	231
56	231
117	231
119	231
248	231
249	231
268	231
270	231
286	231
288	231
290	231
297	231
299	231
303	231
305	231
308	231
313	231
24	232
25	232
28	232
29	232
33	232
34	232
37	232
38	232
41	232
44	232
46	232
47	232
50	232
54	232
56	232
117	232
119	232
243	232
244	232
247	232
248	232
267	232
269	232
270	232
287	232
297	232
299	232
303	232
305	232
307	232
313	232
21	233
22	233
23	233
24	233
26	233
27	233
31	233
34	233
40	233
41	233
44	233
50	233
51	233
53	233
56	233
117	233
118	233
120	233
243	233
246	233
247	233
266	233
269	233
283	233
285	233
287	233
296	233
299	233
303	233
305	233
307	233
312	233
373	233
19	234
20	234
21	234
28	234
29	234
30	234
33	234
38	234
39	234
43	234
46	234
47	234
51	234
54	234
56	234
118	234
121	234
241	234
242	234
245	234
246	234
249	234
264	234
265	234
266	234
268	234
269	234
283	234
285	234
287	234
296	234
299	234
303	234
305	234
307	234
312	234
316	234
321	234
322	234
323	234
324	234
325	234
326	234
327	234
328	234
329	234
330	234
331	234
333	234
334	234
336	234
337	234
338	234
339	234
340	234
341	234
342	234
343	234
344	234
345	234
346	234
347	234
348	234
349	234
350	234
351	234
352	234
353	234
354	234
355	234
356	234
357	234
358	234
359	234
360	234
361	234
362	234
363	234
364	234
365	234
366	234
367	234
368	234
369	234
370	234
371	234
372	234
15	235
16	235
17	235
18	235
19	235
25	235
26	235
27	235
28	235
34	235
37	235
38	235
41	235
42	235
45	235
46	235
51	235
54	235
56	235
118	235
119	235
122	235
241	235
245	235
249	235
264	235
268	235
284	235
286	235
289	235
296	235
299	235
303	235
305	235
307	235
313	235
315	235
316	235
317	235
318	235
319	235
320	235
332	235
335	235
6	236
7	236
8	236
9	236
10	236
11	236
12	236
13	236
14	236
21	236
22	236
23	236
24	236
31	236
34	236
39	236
40	236
50	236
51	236
56	236
119	236
120	236
123	236
241	236
243	236
244	236
248	236
249	236
264	236
267	236
268	236
284	236
286	236
289	236
296	236
298	236
302	236
305	236
307	236
313	236
314	236
0	237
6	237
17	237
18	237
19	237
20	237
26	237
27	237
32	237
33	237
34	237
41	237
45	237
46	237
47	237
48	237
49	237
120	237
121	237
123	237
243	237
247	237
248	237
263	237
264	237
266	237
267	237
284	237
288	237
296	237
302	237
305	237
307	237
314	237
1	238
2	238
3	238
4	238
5	238
6	238
7	238
12	238
13	238
14	238
15	238
16	238
22	238
23	238
24	238
25	238
30	238
31	238
36	238
37	238
38	238
39	238
40	238
43	238
44	238
121	238
124	238
242	238
243	238
246	238
263	238
266	238
284	238
288	238
296	238
298	238
300	238
302	238
303	238
305	238
307	238
313	238
7	239
8	239
9	239
17	239
18	239
19	239
20	239
21	239
29	239
34	239
35	239
36	239
43	239
121	239
122	239
124	239
241	239
242	239
246	239
262	239
263	239
265	239
266	239
283	239
288	239
298	239
299	239
300	239
305	239
307	239
9	240
10	240
11	240
12	240
13	240
25	240
32	240
33	240
55	240
56	240
57	240
122	240
125	240
240	240
242	240
246	240
247	240
262	240
264	240
265	240
283	240
287	240
295	240
301	240
303	240
305	240
14	241
15	241
16	241
17	241
18	241
19	241
20	241
21	241
22	241
23	241
24	241
26	241
27	241
28	241
30	241
31	241
37	241
38	241
39	241
40	241
41	241
55	241
57	241
123	241
125	241
239	241
240	241
245	241
246	241
261	241
264	241
285	241
287	241
295	241
297	241
298	241
300	241
301	241
305	241
29	242
41	242
42	242
43	242
44	242
45	242
47	242
48	242
49	242
50	242
51	242
52	242
53	242
55	242
57	242
123	242
126	242
238	242
239	242
243	242
244	242
245	242
261	242
263	242
285	242
287	242
295	242
300	242
305	242
27	243
28	243
39	243
46	243
53	243
57	243
124	243
126	243
238	243
242	243
243	243
263	243
286	243
295	243
300	243
302	243
305	243
25	244
26	244
53	244
58	244
125	244
238	244
240	244
241	244
242	244
284	244
286	244
294	244
300	244
302	244
304	244
24	245
25	245
39	245
43	245
44	245
53	245
58	245
59	245
125	245
237	245
238	245
240	245
284	245
286	245
294	245
300	245
302	245
304	245
9	246
10	246
11	246
12	246
21	246
22	246
23	246
38	246
43	246
52	246
53	246
57	246
59	246
126	246
235	246
236	246
283	246
285	246
294	246
299	246
302	246
304	246
306	246
8	247
9	247
12	247
20	247
36	247
37	247
39	247
40	247
41	247
42	247
44	247
50	247
51	247
52	247
54	247
57	247
59	247
126	247
235	247
283	247
285	247
294	247
299	247
302	247
304	247
306	247
0	248
7	248
8	248
13	248
14	248
18	248
19	248
31	248
32	248
33	248
34	248
35	248
44	248
47	248
48	248
49	248
50	248
55	248
59	248
234	248
235	248
283	248
285	248
298	248
302	248
304	248
306	248
1	249
2	249
3	249
4	249
5	249
6	249
7	249
31	249
46	249
47	249
52	249
53	249
55	249
59	249
233	249
234	249
282	249
284	249
295	249
298	249
300	249
302	249
304	249
306	249
46	250
50	250
51	250
52	250
55	250
59	250
231	250
232	250
233	250
282	250
284	250
287	250
296	250
298	250
300	250
302	250
304	250
306	250
5	251
6	251
7	251
8	251
27	251
28	251
29	251
30	251
31	251
39	251
40	251
41	251
42	251
43	251
44	251
45	251
54	251
55	251
229	251
230	251
231	251
282	251
284	251
287	251
296	251
298	251
300	251
302	251
304	251
306	251
0	252
1	252
2	252
3	252
4	252
9	252
10	252
11	252
12	252
13	252
14	252
15	252
16	252
17	252
18	252
19	252
20	252
21	252
22	252
23	252
24	252
25	252
26	252
32	252
33	252
34	252
35	252
36	252
37	252
38	252
47	252
48	252
49	252
50	252
51	252
52	252
53	252
54	252
226	252
227	252
228	252
281	252
283	252
286	252
287	252
296	252
302	252
306	252
54	253
224	253
225	253
255	253
281	253
283	253
286	253
288	253
289	253
296	253
302	253
306	253
220	254
221	254
222	254
223	254
224	254
253	254
254	254
255	254
280	254
281	254
286	254
289	254
297	254
301	254
306	254
221	255
253	255
255	255
280	255
286	255
289	255
297	255
301	255
306	255
